rows=4035
cols=3018
(0, 324, 593)
(0, 934, 273)
(0, 2619, -945)
(1, 1521, 685)
(1, 1838, -782)
(1, 1282, -927)
(1, 926, -945)
(1, 1029, -1005)
(1, 2980, -1000)
(1, 631, -734)
(1, 1102, -867)
(1, 1276, -958)
(1, 2889, -323)
(1, 602, -890)
(1, 1121, -384)
(1, 136, -199)
(1, 331, -804)
(1, 2575, -984)
(1, 1261, -117)
(1, 1341, -572)
(1, 2676, -185)
(1, 816, 405)
(1, 526, -667)
(1, 2883, 716)
(1, 1993, -1022)
(1, 577, 143)
(1, 194, -864)
(1, 946, 1000)
(1, 879, -828)
(1, 944, -729)
(1, 1831, -916)
(1, 1627, 331)
(1, 1559, 901)
(1, 805, -844)
(1, 806, -806)
(1, 227, 803)
(1, 190, -977)
(1, 1229, -1016)
(1, 507, -648)
(1, 167, -543)
(1, 476, 340)
(1, 1226, -851)
(1, 1222, -752)
(1, 1100, -833)
(1, 1478, -969)
(1, 415, 542)
(1, 1464, -115)
(1, 1466, 366)
(1, 30, -1002)
(1, 1162, -408)
(1, 1429, -881)
(1, 231, -732)
(1, 1172, -692)
(1, 1049, 923)
(1, 632, 950)
(1, 780, -844)
(1, 2065, -668)
(1, 1061, -582)
(1, 691, -899)
(1, 1381, -808)
(1, 405, -863)
(1, 2920, -704)
(1, 2005, 676)
(1, 1134, -684)
(1, 1027, 753)
(1, 1480, -182)
(1, 400, -514)
(1, 616, -888)
(1, 874, -828)
(1, 433, -955)
(2, 2205, -986)
(2, 2150, 759)
(2, 1226, -633)
(2, 46, -723)
(2, 1475, 736)
(2, 2932, -754)
(2, 635, -579)
(2, 1218, 274)
(2, 516, -1007)
(2, 982, 968)
(3, 283, -576)
(3, 665, -556)
(3, 60, 34)
(3, 343, -945)
(3, 1146, -686)
(3, 1891, 955)
(3, 867, 525)
(3, 1878, -832)
(3, 1154, -728)
(3, 1924, -942)
(3, 1131, -528)
(3, 34, -24)
(3, 156, -804)
(3, 406, -818)
(3, 793, -799)
(3, 1178, 788)
(3, 1208, -903)
(3, 2401, 266)
(3, 1270, -664)
(3, 751, -597)
(3, 2082, -827)
(3, 375, 441)
(3, 357, -241)
(3, 2033, -36)
(3, 1052, 827)
(3, 648, -553)
(3, 600, -724)
(3, 1086, -579)
(3, 31, -817)
(3, 190, -869)
(3, 548, -742)
(3, 303, 100)
(3, 919, -546)
(3, 978, -970)
(3, 2152, -675)
(3, 389, 462)
(3, 999, -899)
(3, 825, 608)
(3, 448, 82)
(3, 9, 741)
(3, 517, -687)
(3, 1104, -83)
(3, 936, -405)
(3, 238, -184)
(3, 2817, -1020)
(3, 999, -38)
(3, 3016, -516)
(3, 416, 671)
(3, 1542, -731)
(3, 940, 1000)
(3, 499, -590)
(3, 372, -858)
(3, 1463, 857)
(3, 656, 686)
(3, 1055, -582)
(3, 1410, 883)
(3, 1040, -726)
(3, 1223, -938)
(3, 2837, 942)
(3, 774, -595)
(3, 484, -563)
(3, 2190, 550)
(3, 1111, -605)
(3, 802, -899)
(3, 814, -954)
(3, 1962, -1015)
(3, 1294, -998)
(3, 305, -367)
(3, 719, -183)
(3, 1242, -809)
(3, 1082, -576)
(3, 1441, 883)
(3, 319, -932)
(3, 443, -447)
(3, 633, -850)
(3, 1751, -751)
(3, 135, -53)
(3, 2573, -712)
(3, 182, -184)
(3, 585, -414)
(3, 640, -1007)
(3, 2059, 628)
(3, 313, -515)
(3, 848, -980)
(3, 2094, -953)
(3, 1602, -831)
(3, 2046, -618)
(4, 517, 256)
(4, 2872, -194)
(4, 1913, -684)
(4, 408, -989)
(4, 2396, -815)
(4, 585, 687)
(4, 779, 182)
(4, 800, -465)
(4, 505, -896)
(4, 2775, -672)
(4, 14, -577)
(4, 568, -830)
(4, 186, -971)
(4, 245, 158)
(4, 2906, -801)
(4, 2131, -514)
(4, 25, -879)
(4, 2451, -688)
(4, 1638, -705)
(4, 590, -162)
(4, 999, 812)
(4, 1491, 942)
(4, 1253, -490)
(4, 961, -830)
(4, 2300, -529)
(4, 759, -603)
(4, 573, -761)
(4, 899, -490)
(4, 2565, 733)
(4, 485, -674)
(4, 1498, -659)
(4, 677, -671)
(4, 1244, 302)
(4, 1908, -769)
(4, 398, -877)
(4, 721, 738)
(4, 2946, -589)
(4, 97, 575)
(4, 1631, -558)
(4, 2277, -723)
(4, 8, -689)
(4, 1095, -667)
(5, 1590, -1018)
(5, 1292, -517)
(5, 1922, -808)
(5, 2243, 985)
(5, 2089, -855)
(5, 604, 514)
(5, 29, -242)
(5, 847, -622)
(5, 1245, -577)
(5, 1272, -931)
(5, 2565, 762)
(5, 487, 267)
(5, 401, 411)
(5, 650, -910)
(5, 430, 660)
(5, 1615, 503)
(5, 396, 705)
(5, 514, 236)
(5, 2652, -900)
(5, 2058, -874)
(5, 2189, 13)
(5, 475, -505)
(6, 515, -751)
(6, 1000, 713)
(6, 935, -1020)
(6, 903, -660)
(6, 1220, -790)
(6, 1415, -460)
(6, 249, -537)
(6, 1849, -699)
(6, 3012, -761)
(6, 2112, -709)
(6, 577, 33)
(6, 168, -664)
(6, 829, -717)
(6, 480, 219)
(6, 1578, -839)
(6, 132, -775)
(6, 1221, 536)
(6, 135, 481)
(6, 958, -389)
(6, 282, 445)
(6, 293, -977)
(6, 1065, -563)
(6, 40, 954)
(6, 494, 622)
(6, 218, 512)
(6, 2389, 779)
(6, 1280, -787)
(6, 1276, -921)
(6, 1232, -603)
(6, 583, -553)
(6, 2848, 737)
(7, 371, 980)
(7, 1724, -1023)
(7, 435, 836)
(7, 850, -1013)
(7, 2907, 587)
(7, 1099, 730)
(7, 962, -715)
(7, 199, -605)
(7, 1096, -811)
(7, 593, -523)
(7, 2353, -646)
(7, 138, -857)
(7, 556, -683)
(7, 467, 443)
(7, 45, -844)
(7, 622, -636)
(7, 1598, -898)
(7, 230, -836)
(7, 246, 565)
(7, 537, -841)
(7, 2944, -690)
(7, 164, -519)
(7, 2799, -822)
(7, 555, -612)
(7, 215, -556)
(7, 2965, -292)
(7, 1798, -698)
(7, 1073, -762)
(7, 1803, -705)
(7, 1196, -218)
(7, 626, -921)
(7, 1452, 608)
(7, 2049, -789)
(7, 650, 524)
(7, 1960, -883)
(7, 123, -567)
(7, 1899, -524)
(7, 133, -659)
(7, 1053, -1020)
(7, 572, -806)
(7, 1425, 896)
(7, 2987, -1022)
(7, 663, -722)
(7, 1097, -926)
(7, 597, -868)
(7, 1547, -931)
(7, 374, -759)
(7, 1317, -611)
(8, 2450, 665)
(8, 2867, 48)
(8, 451, -887)
(8, 2217, -884)
(8, 2645, -580)
(8, 1453, 178)
(8, 185, -1013)
(8, 831, 791)
(8, 2649, -974)
(8, 781, -665)
(8, 878, -744)
(8, 1454, -334)
(8, 2930, 1015)
(8, 73, -594)
(8, 2910, -944)
(8, 1598, 249)
(8, 2271, 702)
(8, 755, -217)
(8, 1418, -512)
(8, 2317, 184)
(8, 630, -588)
(8, 415, -546)
(8, 947, -59)
(8, 753, -916)
(8, 468, -538)
(8, 974, -468)
(8, 2923, -56)
(8, 2483, -602)
(8, 1383, -515)
(8, 124, -90)
(8, 1400, 396)
(8, 1224, -864)
(8, 2927, 546)
(8, 1254, -543)
(8, 2063, -469)
(8, 1633, -687)
(8, 1237, -847)
(8, 863, 632)
(8, 1377, 649)
(8, 1017, -765)
(8, 483, -762)
(8, 1598, -522)
(8, 2101, -846)
(8, 1485, -730)
(8, 166, 471)
(8, 886, 764)
(8, 172, 25)
(8, 1597, -575)
(8, 564, -569)
(8, 1355, -100)
(8, 2410, -135)
(8, 585, -765)
(8, 699, 953)
(8, 985, 920)
(8, 425, -860)
(8, 1073, -819)
(8, 1454, -687)
(8, 418, 482)
(8, 888, -737)
(8, 2497, 919)
(8, 831, -551)
(8, 59, -551)
(8, 1782, 9)
(8, 1135, -574)
(8, 696, -374)
(8, 237, 897)
(8, 2384, -1002)
(8, 149, -973)
(8, 1241, 825)
(8, 1868, -719)
(8, 751, 164)
(8, 945, -917)
(8, 2381, -518)
(8, 694, -757)
(8, 1463, -580)
(8, 793, -809)
(8, 592, -620)
(8, 1497, 529)
(8, 231, 91)
(8, 663, 228)
(8, 1257, 451)
(8, 2941, 489)
(8, 943, -546)
(8, 1816, -873)
(8, 828, -990)
(8, 139, -548)
(8, 2318, 614)
(8, 523, -169)
(8, 1500, -508)
(8, 480, 341)
(8, 1869, -977)
(8, 1252, -642)
(8, 1206, -930)
(8, 143, -409)
(8, 1292, -645)
(8, 906, -947)
(8, 2893, -326)
(8, 2988, 361)
(8, 1017, -626)
(8, 705, -626)
(8, 113, -770)
(8, 936, -126)
(8, 9, -223)
(8, 1363, -611)
(8, 715, -830)
(8, 2755, 811)
(8, 1315, -328)
(8, 253, -786)
(8, 1942, -702)
(8, 137, -60)
(8, 591, -687)
(8, 892, -570)
(8, 258, -967)
(8, 66, -963)
(8, 2574, 811)
(8, 867, -895)
(8, 1447, -985)
(8, 1459, -372)
(8, 1343, -1007)
(9, 2122, 594)
(9, 1048, 487)
(9, 674, 41)
(9, 1496, -861)
(9, 2222, -889)
(9, 312, -776)
(10, 826, -232)
(10, 2265, 201)
(10, 1441, -586)
(10, 647, -528)
(10, 1438, -226)
(10, 953, -939)
(10, 254, -984)
(10, 100, -1021)
(10, 37, 496)
(10, 1071, -602)
(10, 1141, -699)
(10, 1037, 10)
(10, 1073, 511)
(10, 2186, -710)
(10, 46, -718)
(10, 242, 259)
(10, 384, -945)
(10, 2984, 191)
(10, 2015, -31)
(10, 538, -858)
(10, 641, -868)
(10, 1056, -662)
(10, 2855, -720)
(10, 2187, -529)
(10, 771, -892)
(10, 657, -600)
(10, 1434, -990)
(10, 1249, -781)
(10, 259, -731)
(10, 13, -600)
(10, 1778, -712)
(10, 757, -277)
(10, 1828, 834)
(10, 733, -790)
(10, 1577, -845)
(10, 385, 856)
(10, 1125, -765)
(10, 1932, -865)
(10, 218, -787)
(10, 896, -772)
(10, 1192, 97)
(10, 1292, 58)
(10, 2007, -831)
(10, 695, -673)
(10, 2084, -1016)
(10, 225, -39)
(10, 993, -916)
(11, 438, -580)
(11, 1535, -632)
(11, 159, -719)
(11, 1004, 238)
(11, 2468, -608)
(11, 448, -671)
(11, 1572, -729)
(11, 1612, 753)
(11, 414, 394)
(11, 1506, -797)
(11, 1127, -361)
(11, 1640, -379)
(11, 805, -644)
(11, 1245, -522)
(11, 1281, -793)
(11, 487, -562)
(11, 2776, -690)
(11, 780, -412)
(11, 866, -654)
(11, 795, -571)
(11, 768, 395)
(11, 1350, -451)
(11, 2529, 867)
(11, 506, -527)
(11, 2229, 609)
(11, 1494, -957)
(11, 1873, -1017)
(11, 1156, -2)
(11, 396, 276)
(11, 1502, -997)
(11, 488, 100)
(11, 2649, -1017)
(12, 2631, -834)
(12, 500, -506)
(12, 334, -578)
(12, 2581, 654)
(12, 420, 776)
(12, 447, 841)
(12, 2932, -740)
(12, 115, 273)
(12, 2534, -816)
(12, 1642, -202)
(12, 2025, -572)
(12, 1187, -744)
(12, 1007, -764)
(12, 698, -886)
(12, 1586, -822)
(12, 384, -746)
(12, 241, -924)
(12, 1655, 200)
(12, 525, -723)
(12, 2485, -669)
(12, 2286, -28)
(12, 767, -999)
(12, 570, 773)
(12, 965, -955)
(12, 289, -749)
(12, 1012, -783)
(12, 15, -626)
(12, 1406, -850)
(12, 120, -1003)
(12, 1470, 913)
(12, 854, -772)
(12, 2755, -675)
(12, 1882, -554)
(12, 64, -537)
(12, 1408, -757)
(12, 294, 219)
(12, 2955, -169)
(12, 885, 225)
(12, 329, 274)
(12, 1343, -224)
(12, 2823, -564)
(12, 2881, -627)
(12, 2836, -627)
(12, 1201, -543)
(12, 2690, 90)
(13, 562, -466)
(13, 363, -668)
(13, 2585, 328)
(13, 11, -388)
(13, 2121, 221)
(13, 2594, -746)
(13, 608, -689)
(13, 974, -660)
(13, 606, -564)
(13, 1380, 94)
(13, 1819, 873)
(13, 1424, -734)
(14, 398, -514)
(14, 1200, -956)
(14, 718, -85)
(14, 1055, 168)
(14, 2689, 369)
(14, 2665, -239)
(14, 895, -583)
(14, 836, -794)
(14, 1762, 364)
(14, 608, -1004)
(14, 374, -839)
(14, 2046, -686)
(14, 899, -511)
(14, 700, -724)
(14, 414, -75)
(14, 1405, -519)
(14, 1357, 348)
(14, 1857, -552)
(14, 1032, -593)
(14, 52, -546)
(14, 768, -774)
(14, 280, -669)
(14, 2024, -933)
(14, 1447, -537)
(14, 202, 628)
(14, 358, -581)
(14, 342, -715)
(14, 2864, -830)
(14, 1314, -702)
(14, 1160, 314)
(14, 171, 741)
(14, 148, -682)
(14, 2372, -794)
(14, 49, -581)
(14, 2559, -730)
(14, 356, 151)
(14, 1254, -645)
(14, 61, -824)
(14, 1093, 115)
(14, 1343, -665)
(14, 566, 511)
(14, 527, 891)
(14, 1420, -920)
(14, 2076, 911)
(14, 1163, 180)
(14, 504, -773)
(14, 820, 443)
(14, 415, -875)
(14, 511, -661)
(14, 1209, -692)
(14, 693, -661)
(14, 1916, -324)
(14, 820, 175)
(14, 922, -872)
(14, 629, -566)
(14, 2375, -695)
(14, 708, -199)
(14, 2519, -811)
(14, 1362, 439)
(14, 2991, 512)
(14, 206, -262)
(14, 1301, -178)
(14, 2637, -623)
(14, 49, -653)
(14, 1277, -194)
(14, 1406, -548)
(14, 2251, -573)
(14, 1579, 596)
(14, 463, 901)
(14, 677, -32)
(14, 474, -235)
(14, 1166, -904)
(14, 1324, -790)
(14, 1097, -945)
(14, 729, -645)
(14, 858, -839)
(14, 493, -603)
(14, 1545, -596)
(14, 415, -260)
(14, 117, -846)
(14, 247, -239)
(14, 150, -1023)
(14, 767, -29)
(14, 167, -806)
(14, 426, -315)
(14, 2701, 389)
(14, 1207, 874)
(14, 2971, 155)
(14, 2325, -632)
(14, 648, -55)
(14, 1976, 863)
(14, 494, -351)
(14, 420, -600)
(14, 287, 408)
(14, 657, -466)
(14, 821, 801)
(14, 391, -299)
(14, 1282, -241)
(14, 1022, -721)
(14, 439, -704)
(14, 2961, -575)
(14, 617, 706)
(14, 552, -637)
(14, 1787, 624)
(14, 355, -776)
(14, 1985, -1012)
(14, 1473, 798)
(14, 900, 108)
(14, 763, -963)
(14, 814, 888)
(14, 2099, 991)
(14, 2372, -808)
(14, 884, 930)
(14, 2010, -608)
(15, 2866, 794)
(15, 1306, 550)
(15, 966, -556)
(15, 1008, -609)
(15, 2830, 438)
(15, 39, 842)
(15, 85, -1011)
(15, 1183, -966)
(15, 1505, 80)
(15, 253, -350)
(15, 156, -762)
(15, 1247, -579)
(15, 1035, -844)
(15, 2603, -83)
(15, 1412, -726)
(15, 1398, 726)
(15, 318, -991)
(15, 1420, -621)
(15, 557, -671)
(15, 1149, -568)
(15, 146, 314)
(15, 688, -770)
(15, 537, 716)
(15, 1875, -1022)
(15, 2263, -558)
(15, 1025, -519)
(15, 510, 841)
(15, 1069, 597)
(15, 1426, -663)
(15, 1152, -584)
(15, 1605, -241)
(15, 756, 771)
(15, 2803, -814)
(15, 2778, -208)
(15, 2562, 447)
(15, 3012, 347)
(15, 496, -750)
(15, 2059, -955)
(15, 1032, -820)
(15, 1343, -684)
(15, 752, -745)
(15, 1561, -576)
(15, 746, -947)
(15, 141, -565)
(15, 1075, 141)
(15, 2648, -72)
(15, 1346, -548)
(15, 1069, 512)
(15, 891, -628)
(15, 2800, -641)
(15, 1441, 953)
(15, 284, -933)
(15, 942, -661)
(15, 1309, 711)
(15, 2081, -547)
(15, 34, -942)
(15, 2561, -459)
(15, 925, -396)
(15, 229, 65)
(15, 167, -691)
(16, 358, 815)
(16, 318, 652)
(16, 1277, 453)
(16, 2838, -101)
(16, 2640, -533)
(16, 2698, 833)
(16, 1659, 419)
(16, 265, -327)
(16, 2604, -862)
(16, 616, -995)
(16, 1041, -616)
(16, 2576, 63)
(16, 652, 907)
(16, 910, -779)
(16, 1465, -977)
(16, 864, 235)
(16, 355, 337)
(16, 490, 461)
(16, 440, -972)
(16, 890, -870)
(16, 329, -931)
(16, 1157, -935)
(16, 406, 864)
(16, 562, 139)
(16, 157, 347)
(16, 1434, 180)
(16, 784, -70)
(16, 417, -725)
(16, 750, -435)
(16, 2244, -714)
(16, 2448, -705)
(16, 2645, -373)
(16, 520, -680)
(16, 683, 841)
(16, 2180, -942)
(16, 1040, -637)
(16, 2278, -847)
(16, 690, 431)
(16, 800, 189)
(16, 245, -595)
(16, 196, -793)
(16, 948, -885)
(16, 379, -581)
(16, 110, -759)
(16, 519, 301)
(16, 185, 636)
(16, 1705, -784)
(16, 1388, -866)
(16, 1044, -1017)
(16, 548, -977)
(16, 315, -727)
(16, 594, 347)
(16, 657, -843)
(16, 1147, -662)
(16, 1724, -690)
(16, 472, 273)
(17, 956, 183)
(17, 758, -483)
(17, 232, -822)
(17, 58, -631)
(17, 1252, -752)
(17, 1166, -1005)
(17, 3008, -172)
(17, 2278, 862)
(17, 543, -461)
(17, 1346, 357)
(17, 1271, -923)
(17, 373, 879)
(17, 842, -511)
(17, 1028, -686)
(17, 1227, -522)
(17, 1502, 707)
(17, 678, 757)
(17, 211, 979)
(17, 264, -968)
(17, 456, -552)
(17, 609, -1012)
(17, 310, -977)
(17, 3001, -726)
(17, 931, -733)
(17, 1155, -853)
(17, 585, -603)
(17, 2604, -988)
(17, 1162, -514)
(17, 2059, -1003)
(17, 1699, -796)
(17, 592, -978)
(17, 1215, -896)
(17, 126, -981)
(17, 273, -724)
(17, 808, -543)
(17, 581, -856)
(17, 1269, 759)
(17, 2396, -213)
(17, 859, -967)
(17, 69, -997)
(17, 60, 593)
(17, 370, -794)
(17, 813, -683)
(17, 661, -959)
(17, 648, -972)
(17, 2216, -653)
(17, 1310, -444)
(17, 2056, -707)
(17, 1180, -751)
(17, 923, -982)
(17, 18, -645)
(17, 1697, 16)
(17, 168, -303)
(17, 485, 1015)
(17, 2552, 721)
(17, 932, 595)
(17, 1343, 832)
(17, 954, -817)
(17, 275, -535)
(17, 128, 557)
(17, 1304, -790)
(17, 1123, -518)
(17, 576, -939)
(17, 1439, -522)
(17, 901, -1017)
(17, 2460, -699)
(17, 2282, 968)
(17, 1352, -204)
(17, 1806, 240)
(17, 933, 874)
(17, 1811, -1018)
(17, 758, -811)
(17, 52, 879)
(17, 2450, -906)
(17, 2391, -1015)
(17, 320, -513)
(17, 1005, -883)
(17, 638, -794)
(17, 2636, -939)
(17, 495, -675)
(17, 559, -1014)
(17, 1127, -660)
(17, 2719, -993)
(17, 1261, -940)
(17, 788, -133)
(17, 488, -404)
(17, 2726, 369)
(17, 58, 105)
(17, 2123, 419)
(17, 231, -889)
(17, 320, -516)
(18, 180, -593)
(18, 244, -867)
(18, 612, 378)
(18, 455, -136)
(18, 865, -861)
(18, 2022, -579)
(18, 244, -969)
(18, 322, 716)
(18, 259, 262)
(18, 2157, -531)
(18, 611, 140)
(18, 963, -852)
(18, 1016, -748)
(18, 2728, -253)
(18, 587, -386)
(18, 2939, 27)
(18, 287, -661)
(18, 234, 894)
(18, 1309, -585)
(18, 730, 966)
(18, 858, -564)
(18, 1415, -964)
(18, 671, 158)
(18, 430, -520)
(18, 1210, 965)
(18, 227, -677)
(18, 2983, 436)
(18, 1249, -567)
(18, 1148, -720)
(18, 1001, -607)
(18, 318, -572)
(18, 1218, -740)
(18, 94, -654)
(18, 612, -764)
(18, 339, -975)
(18, 658, 584)
(18, 1234, 821)
(18, 2283, -810)
(18, 2983, -986)
(18, 1397, -531)
(18, 937, 572)
(18, 864, -820)
(18, 260, -324)
(18, 456, -960)
(18, 1508, -169)
(18, 951, -824)
(18, 935, 347)
(18, 2128, -842)
(18, 1196, -923)
(18, 1456, 383)
(18, 2969, -918)
(18, 2094, -738)
(18, 2404, -726)
(18, 1339, 570)
(18, 352, -241)
(18, 1155, -577)
(18, 591, -576)
(18, 511, 665)
(18, 2921, -867)
(18, 956, -576)
(18, 419, -405)
(18, 16, 211)
(18, 2559, -243)
(18, 1189, -954)
(18, 1403, -698)
(18, 642, -656)
(18, 2210, -741)
(18, 1198, -846)
(18, 936, -26)
(18, 125, -940)
(18, 1041, -860)
(18, 993, -406)
(18, 187, -611)
(18, 50, -1012)
(18, 2909, -492)
(18, 529, 873)
(18, 205, -951)
(18, 1003, -103)
(18, 1472, -173)
(18, 21, 114)
(18, 420, -789)
(18, 96, -209)
(18, 489, -1020)
(18, 1887, -933)
(18, 788, 391)
(18, 1962, 849)
(18, 944, -860)
(18, 1117, -717)
(18, 1633, -724)
(18, 1150, -838)
(18, 1243, -875)
(18, 2638, -620)
(18, 2781, 450)
(18, 2472, -836)
(18, 64, -898)
(18, 1430, -737)
(18, 223, 1021)
(18, 1101, -678)
(18, 1015, 744)
(18, 1476, -614)
(18, 1091, -1009)
(18, 488, 678)
(18, 2330, -654)
(18, 436, -774)
(18, 1775, -693)
(18, 893, 270)
(18, 934, -757)
(18, 87, -1021)
(18, 986, -673)
(18, 448, -855)
(18, 179, -558)
(18, 482, 145)
(18, 2841, -630)
(18, 34, 641)
(18, 648, -585)
(18, 58, 459)
(18, 1435, -884)
(18, 1750, -103)
(18, 673, -584)
(18, 623, -768)
(18, 789, -930)
(18, 1679, -781)
(18, 961, 786)
(18, 310, -1009)
(18, 263, -833)
(18, 1482, -1022)
(18, 664, -91)
(18, 724, 183)
(18, 542, -540)
(18, 1275, -891)
(18, 2168, -953)
(18, 364, -517)
(18, 1209, -748)
(18, 2268, -551)
(18, 226, 769)
(18, 406, 518)
(18, 829, -621)
(18, 63, -256)
(18, 528, 432)
(18, 2525, -997)
(18, 1158, -1019)
(18, 130, -890)
(18, 540, -729)
(18, 234, -776)
(18, 953, -698)
(18, 511, -469)
(18, 521, -813)
(18, 1104, -976)
(18, 1330, -906)
(18, 15, -946)
(18, 1688, -848)
(18, 2012, -622)
(18, 745, -768)
(18, 2566, -827)
(18, 1282, -362)
(18, 2749, -622)
(18, 2883, -898)
(18, 1299, -723)
(18, 590, -755)
(19, 1101, 985)
(19, 740, -791)
(19, 182, -546)
(19, 1188, 219)
(19, 194, -554)
(19, 925, -925)
(20, 804, -613)
(20, 61, -78)
(20, 1132, -129)
(20, 281, -685)
(20, 957, -612)
(20, 2620, -875)
(20, 481, -929)
(20, 1081, -538)
(20, 16, -691)
(20, 2343, -606)
(20, 878, -1009)
(20, 1342, -914)
(20, 1262, -999)
(20, 994, -41)
(20, 897, 253)
(20, 1812, -558)
(20, 580, -905)
(20, 2404, -571)
(20, 1636, 733)
(20, 1247, -979)
(20, 845, 221)
(20, 2932, -605)
(20, 820, -1007)
(20, 2559, 541)
(20, 1624, -398)
(20, 2850, 299)
(20, 1077, -18)
(20, 1448, -190)
(20, 306, -850)
(20, 33, -457)
(20, 81, -516)
(20, 861, -77)
(20, 231, -923)
(20, 2667, -817)
(20, 510, -9)
(20, 862, -834)
(20, 2376, -796)
(20, 2799, -500)
(20, 2481, -569)
(20, 753, -767)
(20, 903, 782)
(20, 204, 540)
(20, 1176, -926)
(20, 965, 136)
(20, 320, 202)
(20, 154, -868)
(20, 2877, -170)
(20, 1091, 508)
(20, 2645, -1008)
(20, 571, -139)
(20, 213, 982)
(20, 1825, -777)
(20, 2988, -551)
(20, 801, -592)
(20, 2024, -634)
(20, 1097, -959)
(20, 1461, 260)
(20, 1460, 223)
(20, 2540, -604)
(20, 2719, -1015)
(20, 1566, -938)
(20, 945, -744)
(20, 244, -787)
(20, 252, -565)
(20, 931, -872)
(20, 2091, 898)
(20, 2262, -819)
(20, 131, -820)
(20, 660, -549)
(20, 879, -238)
(20, 1256, -875)
(20, 1130, -1005)
(20, 249, -786)
(20, 768, 570)
(20, 784, 161)
(20, 1473, -515)
(20, 172, -944)
(20, 196, -359)
(20, 205, 415)
(20, 434, -58)
(20, 797, -461)
(20, 1332, 324)
(20, 1245, 796)
(20, 1151, -845)
(20, 1030, -637)
(20, 1147, 318)
(20, 917, -699)
(20, 2847, -522)
(20, 389, -654)
(20, 90, -199)
(21, 2998, -863)
(21, 322, 667)
(21, 1184, -923)
(21, 317, -768)
(21, 411, -233)
(21, 2414, -833)
(21, 82, 828)
(21, 189, -897)
(21, 1034, -901)
(21, 249, -625)
(21, 2075, 470)
(21, 559, -571)
(21, 2429, 344)
(21, 1304, -745)
(21, 2871, -1010)
(21, 486, -749)
(21, 108, -977)
(21, 2466, -581)
(21, 1384, -522)
(21, 1102, -549)
(21, 2703, -635)
(21, 1224, -853)
(21, 130, -942)
(21, 425, -1003)
(21, 1485, -137)
(21, 1364, -425)
(21, 949, -706)
(21, 1025, 264)
(21, 955, 432)
(21, 339, -674)
(21, 732, -907)
(21, 135, 251)
(21, 1282, 688)
(21, 1095, -851)
(21, 648, -334)
(21, 937, -882)
(21, 1362, -609)
(21, 2147, 52)
(21, 524, -805)
(21, 159, -702)
(21, 1033, 856)
(21, 209, -1006)
(21, 2045, 333)
(21, 1206, -712)
(22, 416, 181)
(22, 1230, 668)
(22, 1531, -327)
(22, 394, -876)
(22, 581, -655)
(22, 1403, -537)
(22, 198, -770)
(22, 218, -609)
(22, 1347, 406)
(22, 2971, -103)
(22, 1024, -143)
(22, 199, -981)
(22, 601, -611)
(22, 2502, -1020)
(22, 551, -854)
(22, 201, -972)
(22, 96, -635)
(22, 629, -580)
(22, 690, -510)
(22, 653, -814)
(22, 101, -180)
(22, 501, -866)
(22, 1184, 142)
(22, 557, -902)
(22, 1286, -810)
(22, 1346, -741)
(22, 2641, -932)
(22, 633, -973)
(22, 1431, 378)
(22, 1221, -930)
(22, 159, -832)
(22, 1179, -956)
(22, 2789, 237)
(22, 1871, -905)
(22, 2785, -990)
(22, 726, 566)
(22, 2875, -988)
(22, 1847, -755)
(22, 267, -664)
(22, 2136, -723)
(22, 992, 468)
(22, 820, -796)
(22, 294, -835)
(22, 437, -664)
(22, 1135, -21)
(22, 2706, -1019)
(22, 1353, -818)
(22, 195, -619)
(22, 846, -620)
(22, 2921, -763)
(22, 179, 220)
(22, 333, -645)
(22, 718, -613)
(22, 1996, 447)
(22, 1387, -560)
(22, 172, 584)
(22, 450, -769)
(22, 1152, -706)
(22, 1002, -1002)
(22, 721, -801)
(22, 1197, -593)
(22, 230, -880)
(22, 823, -576)
(22, 2577, -712)
(22, 647, -878)
(22, 57, -698)
(22, 319, -641)
(22, 433, -815)
(22, 1047, 999)
(22, 993, 459)
(22, 653, -566)
(22, 842, -871)
(22, 517, -683)
(22, 1406, 3)
(22, 135, -52)
(22, 501, -1)
(22, 1941, 388)
(22, 1026, -798)
(22, 2385, 190)
(22, 175, -152)
(22, 2104, 685)
(22, 2321, 364)
(22, 840, -380)
(22, 664, 130)
(22, 1512, 596)
(22, 836, -747)
(22, 547, -998)
(22, 143, -40)
(22, 2789, -377)
(22, 2395, -485)
(22, 1301, -973)
(22, 1268, -991)
(22, 1217, -990)
(22, 1321, -385)
(22, 1156, 557)
(22, 881, -695)
(22, 714, 869)
(22, 1096, -618)
(22, 155, -644)
(22, 132, -827)
(22, 198, 869)
(22, 400, 49)
(22, 339, -855)
(22, 2199, -598)
(22, 2481, -855)
(22, 1129, -647)
(22, 719, -615)
(22, 126, -484)
(22, 1037, -522)
(22, 329, -759)
(22, 2067, -894)
(22, 111, -897)
(22, 1481, -848)
(22, 2174, -588)
(22, 69, -637)
(22, 2910, -917)
(22, 1211, -1010)
(22, 671, -662)
(22, 385, 689)
(22, 848, -468)
(22, 798, 40)
(22, 1044, -877)
(22, 597, -657)
(22, 2851, -580)
(22, 1334, -726)
(22, 224, -943)
(22, 1505, 718)
(22, 1480, -537)
(22, 2663, -1017)
(22, 1206, 95)
(22, 375, -727)
(22, 144, 980)
(22, 808, 259)
(22, 809, -760)
(22, 250, -893)
(22, 2656, -693)
(22, 1883, 667)
(22, 684, -567)
(22, 2474, -27)
(22, 141, -653)
(22, 388, -954)
(22, 1147, -517)
(22, 811, -605)
(22, 407, -718)
(22, 2547, 540)
(22, 824, -930)
(22, 1432, 494)
(22, 423, 464)
(22, 1061, 22)
(22, 3000, -669)
(22, 1226, -526)
(22, 87, -762)
(22, 2124, 916)
(22, 1184, -875)
(22, 974, -1006)
(22, 2269, -102)
(22, 1544, -602)
(22, 658, -717)
(22, 1061, -683)
(22, 1202, -594)
(22, 839, 70)
(22, 2960, -1011)
(22, 642, -914)
(22, 959, -666)
(22, 2230, -672)
(22, 2010, 384)
(22, 871, -606)
(22, 626, 49)
(22, 1076, 251)
(22, 464, -653)
(22, 917, -978)
(22, 2975, 192)
(22, 1293, -984)
(22, 7, -556)
(22, 2277, 36)
(22, 283, 314)
(22, 930, -702)
(22, 2794, 305)
(22, 521, -897)
(22, 1903, 82)
(22, 948, -573)
(22, 115, -967)
(22, 2224, 391)
(22, 2510, 356)
(22, 1253, 408)
(22, 64, 917)
(22, 975, -923)
(22, 677, -973)
(22, 748, 878)
(22, 585, 192)
(22, 275, 620)
(22, 405, -562)
(22, 2932, -15)
(22, 2705, -936)
(22, 839, 752)
(22, 3005, -1019)
(22, 687, 343)
(22, 449, -571)
(22, 2720, -842)
(22, 79, -728)
(23, 546, -566)
(23, 1694, -845)
(23, 1812, 282)
(23, 1004, -947)
(23, 2435, 52)
(23, 392, -640)
(23, 871, -351)
(23, 872, -938)
(23, 1116, -805)
(23, 357, -544)
(23, 664, -794)
(23, 1602, 685)
(23, 709, 482)
(23, 375, -902)
(23, 2643, -942)
(23, 252, 450)
(23, 436, -565)
(23, 464, -160)
(23, 739, -893)
(23, 806, -370)
(23, 542, -860)
(23, 445, 92)
(23, 515, -129)
(23, 2934, -694)
(23, 1451, -566)
(23, 141, -807)
(23, 1366, -409)
(23, 839, -957)
(23, 917, -583)
(23, 755, -29)
(23, 708, 66)
(23, 1909, -964)
(23, 576, -654)
(23, 1144, -738)
(23, 2117, -956)
(23, 1983, 166)
(23, 24, -132)
(23, 334, -893)
(23, 689, -978)
(23, 1401, 412)
(23, 2143, -709)
(23, 2673, -908)
(23, 165, -746)
(23, 1257, -624)
(23, 1869, -615)
(23, 1781, -832)
(23, 481, -323)
(23, 1360, -713)
(23, 2665, -564)
(23, 869, -950)
(23, 962, -955)
(23, 1146, -888)
(23, 1192, -772)
(23, 610, 487)
(23, 1765, -788)
(23, 2010, -296)
(23, 2723, -797)
(23, 2343, 533)
(23, 498, -640)
(23, 1898, 594)
(23, 1130, -652)
(23, 505, -1002)
(23, 1611, -978)
(23, 113, -773)
(23, 1029, -783)
(23, 1028, 846)
(23, 1045, -858)
(23, 953, 694)
(23, 947, 894)
(23, 553, -869)
(23, 351, -989)
(23, 708, 384)
(23, 1120, -914)
(23, 1989, -14)
(23, 2768, -397)
(23, 165, -852)
(23, 1043, -138)
(23, 1499, 214)
(23, 22, 579)
(23, 1119, -881)
(23, 385, -964)
(23, 845, -827)
(23, 478, -981)
(23, 1835, -496)
(23, 595, -748)
(23, 881, -528)
(23, 1442, 381)
(23, 1281, 793)
(23, 1412, -596)
(23, 1710, -121)
(23, 194, -1019)
(23, 631, -303)
(23, 1134, 741)
(24, 1076, 431)
(24, 2621, -983)
(24, 1213, -1015)
(24, 353, -724)
(24, 807, 10)
(24, 1086, -56)
(24, 2879, 131)
(24, 279, -808)
(24, 2533, -739)
(24, 1119, -57)
(24, 87, -965)
(24, 1001, -7)
(24, 1243, -915)
(24, 1099, 654)
(24, 551, -96)
(24, 716, -311)
(24, 1412, 557)
(24, 1452, -822)
(24, 294, -430)
(24, 222, 723)
(24, 100, 79)
(24, 63, -769)
(24, 387, -410)
(24, 19, -553)
(24, 234, -178)
(24, 371, -956)
(24, 1242, -343)
(24, 1233, -780)
(24, 484, 957)
(24, 875, -798)
(24, 2609, -757)
(24, 1023, 453)
(24, 2340, 143)
(24, 1440, -393)
(24, 297, -626)
(24, 1590, -781)
(24, 26, -748)
(24, 2126, -220)
(24, 1743, -401)
(24, 1484, 408)
(24, 266, -568)
(24, 269, -43)
(24, 1018, 718)
(24, 382, 76)
(24, 210, -892)
(24, 121, -559)
(24, 2457, -559)
(24, 426, -533)
(24, 2785, -653)
(24, 1364, 941)
(24, 1931, -518)
(24, 763, 862)
(24, 625, -725)
(24, 1130, -769)
(24, 999, -513)
(24, 29, -728)
(24, 629, -1014)
(24, 430, -970)
(24, 639, -548)
(24, 527, 556)
(24, 1743, -989)
(24, 1195, -776)
(24, 2595, -716)
(24, 11, 19)
(24, 2889, -969)
(24, 1935, -582)
(24, 2633, -586)
(24, 682, -753)
(24, 1194, -544)
(24, 2158, -240)
(24, 264, -853)
(24, 26, -601)
(24, 1235, -563)
(24, 91, -982)
(24, 1388, -638)
(24, 2269, -510)
(24, 2808, -875)
(24, 1573, -755)
(24, 462, 842)
(24, 2380, -806)
(24, 95, -859)
(24, 1256, -571)
(24, 1293, -529)
(24, 823, -957)
(24, 183, -769)
(24, 937, -20)
(24, 510, -444)
(24, 774, 417)
(24, 1315, -645)
(24, 836, -858)
(24, 2532, -800)
(24, 1030, -445)
(24, 1457, -557)
(24, 3010, 1011)
(24, 905, -865)
(24, 2766, -635)
(24, 241, -537)
(24, 2089, 223)
(24, 1165, -745)
(24, 2025, -910)
(24, 325, -376)
(24, 2429, 718)
(24, 1213, -967)
(24, 791, -996)
(24, 915, -776)
(24, 473, -985)
(24, 1320, -723)
(24, 81, -527)
(24, 398, -715)
(24, 1887, -149)
(24, 779, -637)
(24, 779, -515)
(24, 1009, -788)
(24, 1047, 188)
(24, 13, 727)
(24, 1334, 896)
(24, 435, -772)
(24, 1277, -707)
(24, 477, -217)
(24, 587, 430)
(24, 1952, -367)
(24, 1126, -650)
(24, 1356, 507)
(24, 1035, -957)
(24, 2189, -836)
(24, 2673, -698)
(24, 2705, -778)
(24, 580, 1005)
(24, 762, -709)
(24, 738, -992)
(24, 1279, -500)
(24, 239, -669)
(24, 2269, -764)
(24, 290, -235)
(24, 897, -582)
(24, 265, 212)
(24, 766, -543)
(25, 337, -863)
(25, 1984, -607)
(25, 1492, -791)
(25, 2363, -412)
(25, 637, 610)
(25, 1202, -961)
(25, 1481, -791)
(25, 510, -795)
(25, 716, -945)
(25, 226, -568)
(25, 588, -891)
(25, 649, -959)
(25, 1277, -463)
(25, 293, -731)
(25, 749, -904)
(25, 457, 486)
(25, 599, -671)
(25, 619, -808)
(25, 1442, -868)
(25, 936, -961)
(25, 2419, -1000)
(25, 444, -965)
(25, 711, -566)
(25, 2410, -551)
(25, 1229, -632)
(25, 471, -516)
(25, 2195, -629)
(25, 3012, -543)
(25, 591, -737)
(25, 1419, 180)
(25, 1724, -351)
(25, 1629, -979)
(25, 1333, 986)
(25, 1246, 561)
(25, 1559, -945)
(25, 1489, -905)
(25, 588, -992)
(26, 1267, -556)
(26, 2477, 472)
(26, 2293, -836)
(27, 105, -869)
(27, 1486, -937)
(27, 2067, 724)
(27, 2850, -749)
(27, 721, -795)
(27, 654, -991)
(27, 1454, 819)
(27, 1835, 693)
(27, 595, -622)
(27, 555, 919)
(27, 632, -984)
(27, 777, -818)
(27, 598, 658)
(27, 708, -577)
(27, 81, -576)
(27, 373, 249)
(27, 1373, 181)
(27, 773, -830)
(27, 746, 389)
(27, 646, 204)
(27, 1425, -934)
(27, 1223, 722)
(27, 898, -595)
(27, 587, -338)
(27, 1075, -780)
(27, 1111, -789)
(27, 182, -542)
(27, 766, -1022)
(27, 94, -654)
(27, 1508, -410)
(27, 2627, -960)
(27, 391, -728)
(27, 1582, 770)
(27, 2011, -585)
(27, 330, -963)
(27, 1822, 783)
(27, 115, -758)
(27, 487, -660)
(27, 1192, -542)
(27, 1015, -806)
(27, 2056, -819)
(27, 829, -613)
(27, 31, -63)
(27, 576, -914)
(27, 2078, -900)
(27, 1148, -955)
(27, 57, -535)
(27, 82, -562)
(27, 142, -633)
(27, 1861, 171)
(27, 616, -718)
(27, 1413, -797)
(27, 2634, 671)
(27, 127, 748)
(27, 1077, -983)
(27, 1225, 510)
(27, 270, -759)
(27, 2640, -888)
(27, 603, -756)
(27, 336, -558)
(27, 2857, 807)
(27, 646, -921)
(27, 1056, -40)
(27, 1299, -990)
(27, 1034, -835)
(27, 2183, -663)
(27, 1856, -961)
(27, 1185, -123)
(27, 1607, -833)
(27, 1114, -886)
(27, 715, -510)
(27, 1789, 730)
(27, 214, -288)
(27, 728, -868)
(27, 159, 956)
(27, 3007, 808)
(27, 1114, -604)
(27, 1220, -823)
(27, 1632, -1019)
(27, 897, -604)
(27, 843, -549)
(27, 2688, -796)
(27, 618, -294)
(27, 1179, -562)
(27, 67, -897)
(27, 1847, 660)
(27, 861, 540)
(27, 1419, -576)
(27, 2776, -608)
(27, 1359, 103)
(27, 2365, -344)
(27, 841, -827)
(27, 1352, -197)
(27, 304, 976)
(27, 1627, -707)
(27, 305, -111)
(27, 343, -689)
(27, 1366, -746)
(27, 499, -687)
(27, 79, -584)
(27, 1135, -559)
(27, 857, -576)
(27, 595, -645)
(27, 396, -692)
(27, 1900, -876)
(27, 1311, -954)
(27, 257, -983)
(27, 2329, -573)
(27, 2892, 91)
(27, 2973, -864)
(27, 1858, -343)
(27, 455, -552)
(27, 2292, 435)
(27, 1077, -829)
(27, 499, -32)
(27, 1308, 916)
(27, 806, -334)
(28, 2116, -626)
(28, 157, -902)
(28, 254, -408)
(28, 101, -849)
(28, 28, 176)
(28, 903, 53)
(28, 168, -683)
(28, 1453, -644)
(28, 1029, -969)
(28, 1137, -678)
(28, 2617, -671)
(28, 293, -970)
(28, 1350, -328)
(28, 2436, -974)
(28, 550, -793)
(28, 1430, 47)
(28, 1115, -1005)
(28, 590, -254)
(28, 812, -819)
(28, 1072, 517)
(28, 269, 786)
(28, 1103, 434)
(28, 835, 126)
(28, 1065, -192)
(28, 2079, 521)
(28, 1317, -806)
(28, 117, 391)
(28, 109, -923)
(28, 118, -752)
(28, 2051, -649)
(28, 1305, -667)
(28, 1361, -957)
(28, 994, -350)
(28, 1459, -749)
(28, 1173, 239)
(28, 358, -693)
(28, 1265, -1011)
(28, 504, 556)
(28, 563, -978)
(28, 1809, -641)
(28, 1162, -64)
(28, 444, 641)
(28, 1185, -976)
(28, 1520, -952)
(28, 1527, 573)
(28, 1084, 368)
(28, 821, -668)
(28, 2231, -904)
(28, 1951, -164)
(28, 481, -570)
(28, 2989, -822)
(28, 1266, -625)
(28, 561, -558)
(28, 2988, -53)
(28, 25, -135)
(28, 2665, -902)
(28, 775, -820)
(28, 1027, -775)
(28, 1525, -933)
(28, 285, -644)
(28, 2990, 296)
(28, 812, -966)
(28, 2727, -584)
(28, 2359, -70)
(28, 848, -571)
(28, 238, -705)
(28, 814, 794)
(28, 570, 539)
(28, 499, -674)
(28, 267, -946)
(28, 533, -977)
(28, 2559, -725)
(28, 1774, -910)
(28, 465, -909)
(28, 1002, -1000)
(28, 861, -495)
(28, 1211, 359)
(29, 1356, 176)
(29, 2515, 345)
(29, 470, -393)
(29, 1016, 80)
(29, 1980, 773)
(29, 424, 368)
(29, 716, -806)
(29, 2264, -995)
(29, 517, -11)
(29, 2561, 759)
(29, 2547, -838)
(29, 839, -163)
(29, 837, 923)
(29, 270, -699)
(29, 2016, -719)
(29, 242, -646)
(29, 1360, -885)
(29, 214, -971)
(29, 1155, -205)
(29, 308, -627)
(29, 2712, -664)
(29, 1005, -684)
(29, 1123, 227)
(29, 158, 788)
(29, 930, 36)
(29, 229, -526)
(29, 2392, -157)
(29, 424, -1014)
(29, 709, 891)
(29, 883, -606)
(29, 1389, -918)
(29, 1568, -812)
(29, 1438, -821)
(29, 535, 13)
(29, 2153, -620)
(29, 2779, 569)
(29, 457, -430)
(30, 2213, -475)
(30, 1209, -605)
(30, 606, 108)
(30, 451, 869)
(31, 477, -806)
(31, 352, -127)
(31, 2577, -923)
(31, 1996, -341)
(31, 470, -195)
(31, 1075, -4)
(31, 81, -214)
(31, 2507, 624)
(31, 1134, 55)
(31, 625, -668)
(31, 1033, 457)
(31, 1470, -825)
(31, 626, -528)
(31, 405, -844)
(31, 1182, -464)
(31, 691, 679)
(31, 346, 603)
(31, 1882, -728)
(31, 637, 836)
(31, 1485, -31)
(31, 1566, -560)
(31, 893, -876)
(31, 1544, -989)
(31, 2892, -901)
(31, 1249, -118)
(31, 676, -619)
(31, 716, -876)
(31, 903, 852)
(31, 2778, -261)
(31, 400, -695)
(31, 1860, -978)
(31, 1158, 760)
(31, 702, -769)
(31, 691, -980)
(31, 865, -196)
(31, 2817, 553)
(31, 1086, 624)
(31, 2480, -965)
(31, 2685, 178)
(31, 1335, 390)
(31, 1082, -528)
(31, 446, -840)
(31, 1452, -116)
(31, 204, -199)
(31, 646, 458)
(31, 1889, -883)
(31, 1451, -940)
(31, 2392, -982)
(31, 847, 688)
(31, 547, -814)
(31, 559, -673)
(31, 871, -335)
(31, 2216, -791)
(31, 406, -774)
(31, 1144, -512)
(31, 181, 548)
(31, 14, -546)
(31, 2786, 832)
(31, 840, -528)
(31, 316, -790)
(31, 2020, -723)
(31, 1280, -963)
(31, 2152, 217)
(31, 2413, 120)
