rows=3018
cols=4035
(0, 2395, -61)
(0, 1568, 78)
(0, 5, -909)
(0, 1787, -922)
(0, 1639, -899)
(0, 463, -664)
(0, 1921, -712)
(0, 1843, -531)
(0, 641, 107)
(0, 1894, -8)
(0, 884, -961)
(0, 1974, -935)
(0, 265, -593)
(0, 2898, -175)
(0, 1154, -689)
(0, 778, 1000)
(0, 146, -472)
(0, 2168, -542)
(0, 585, 140)
(0, 1666, -534)
(0, 1576, 558)
(0, 1315, -872)
(0, 3928, -1021)
(0, 3616, 775)
(0, 2614, 642)
(0, 1900, 372)
(0, 886, -570)
(0, 1978, -310)
(0, 904, 219)
(0, 1311, -665)
(0, 1304, -874)
(0, 3981, -254)
(0, 1754, -553)
(0, 1635, -945)
(0, 1082, -797)
(0, 2973, -556)
(0, 1969, -729)
(0, 1843, -746)
(0, 1411, -852)
(0, 1217, 205)
(0, 2675, 633)
(0, 170, -854)
(0, 1754, -272)
(0, 1329, -1010)
(0, 1155, -763)
(0, 1254, 554)
(0, 555, -58)
(0, 263, -898)
(0, 1567, -641)
(0, 1108, -848)
(0, 721, 174)
(0, 941, -992)
(0, 66, -910)
(0, 1171, 717)
(0, 188, -663)
(0, 3278, -728)
(0, 2508, 704)
(0, 925, -445)
(0, 330, -525)
(0, 1382, -758)
(0, 607, -448)
(0, 894, -1012)
(0, 3175, -976)
(0, 1358, -635)
(0, 1423, 786)
(0, 963, 200)
(0, 2248, -826)
(0, 3887, -570)
(0, 2050, -989)
(0, 164, -400)
(0, 2511, -653)
(0, 714, -745)
(0, 3670, -205)
(0, 49, 925)
(0, 1633, -911)
(0, 1347, -634)
(0, 3183, -875)
(0, 1876, -754)
(0, 809, -796)
(0, 643, -145)
(0, 1798, -600)
(0, 132, -841)
(0, 604, 831)
(0, 1382, -590)
(0, 2330, -372)
(0, 617, -302)
(0, 2682, -579)
(0, 1256, -693)
(0, 894, 770)
(0, 1991, -851)
(0, 1486, -687)
(0, 123, -406)
(0, 2564, -581)
(0, 599, 513)
(0, 3683, -707)
(1, 100, -903)
(1, 595, -33)
(1, 1127, -955)
(1, 173, -593)
(1, 856, -880)
(1, 2952, -873)
(1, 2473, -752)
(1, 1083, -285)
(1, 963, -570)
(1, 304, -600)
(1, 790, -722)
(1, 3259, 582)
(1, 3057, 420)
(1, 3267, -931)
(1, 1383, -896)
(1, 1588, -611)
(1, 751, -587)
(1, 1617, 183)
(1, 108, -863)
(1, 1452, -677)
(1, 3260, -586)
(1, 3968, -528)
(1, 1573, -889)
(1, 658, -1000)
(1, 1014, -704)
(1, 1550, 450)
(1, 69, 786)
(1, 1732, -648)
(1, 1460, -623)
(1, 2665, -775)
(1, 730, 375)
(1, 1619, -718)
(1, 2312, 1009)
(1, 64, -826)
(1, 268, 9)
(1, 472, -816)
(1, 389, 904)
(1, 1378, -605)
(1, 139, -917)
(1, 1761, 850)
(1, 647, 832)
(1, 1404, -736)
(1, 3341, 995)
(1, 181, 100)
(1, 1636, 984)
(1, 1607, 857)
(1, 627, 81)
(1, 71, -909)
(1, 643, -950)
(1, 617, -59)
(1, 1905, -934)
(1, 1864, 678)
(1, 662, -965)
(1, 3181, -656)
(1, 3352, -532)
(1, 1138, -667)
(1, 1291, -520)
(1, 1865, 364)
(1, 2076, -541)
(1, 1351, -609)
(1, 1279, 868)
(1, 654, -144)
(1, 463, -880)
(1, 404, -782)
(1, 2854, -21)
(1, 302, -988)
(1, 1726, -577)
(1, 788, 714)
(1, 1925, -1022)
(1, 3119, -478)
(1, 2428, -610)
(1, 1142, -624)
(1, 878, -1016)
(1, 603, -526)
(1, 1758, 443)
(1, 1013, -824)
(1, 194, -645)
(1, 795, 329)
(1, 3847, -831)
(1, 3830, 654)
(1, 1760, -222)
(1, 568, -609)
(1, 246, -979)
(1, 1608, 953)
(1, 3999, -978)
(1, 1369, -954)
(1, 1102, -607)
(1, 1601, -870)
(1, 1025, -668)
(1, 1348, 851)
(1, 1575, -641)
(1, 380, -862)
(1, 706, -850)
(1, 857, -798)
(1, 949, -440)
(1, 1607, -58)
(1, 57, 208)
(2, 715, -561)
(2, 1985, -1018)
(3, 1481, 262)
(3, 1292, 533)
(3, 1470, -568)
(3, 269, -641)
(3, 1136, -624)
(3, 521, -985)
(3, 296, -853)
(3, 2280, -719)
(3, 3235, -4)
(3, 908, -613)
(3, 1085, -944)
(3, 1786, -636)
(3, 543, 684)
(3, 2005, -918)
(3, 3722, -540)
(3, 2912, 245)
(4, 3897, -960)
(4, 1165, -997)
(4, 1645, -673)
(4, 1937, -683)
(4, 1937, 502)
(4, 2314, -818)
(4, 612, 574)
(4, 2546, 876)
(4, 1002, -782)
(4, 2256, -681)
(4, 988, 909)
(4, 3484, 372)
(4, 1932, 298)
(4, 609, -932)
(4, 879, 842)
(4, 1935, -680)
(4, 1670, -617)
(4, 345, -272)
(4, 803, -679)
(4, 1830, 729)
(4, 1702, 565)
(4, 1070, -996)
(4, 558, -885)
(4, 1941, -843)
(4, 892, -588)
(4, 1690, -234)
(4, 1932, 234)
(4, 3148, -911)
(4, 532, -512)
(4, 3038, 240)
(4, 286, -905)
(4, 764, -559)
(4, 1573, -679)
(4, 1733, -894)
(4, 231, -514)
(4, 474, -920)
(4, 39, -522)
(4, 3967, -634)
(4, 2696, -799)
(4, 2892, -619)
(4, 1090, -1021)
(4, 3119, 754)
(4, 3200, -802)
(4, 56, -764)
(4, 145, -621)
(4, 516, -553)
(4, 72, 46)
(4, 242, -842)
(4, 1971, 1022)
(4, 2049, -635)
(4, 681, -959)
(4, 2886, -728)
(4, 1968, -582)
(4, 2904, -171)
(4, 526, -821)
(4, 699, -331)
(4, 3651, 423)
(4, 3526, -786)
(4, 634, -814)
(4, 1821, -548)
(4, 3693, 395)
(4, 1032, -732)
(4, 826, 311)
(4, 1765, 836)
(4, 312, -685)
(4, 1552, -756)
(4, 607, -737)
(4, 1473, -555)
(4, 142, -912)
(4, 1969, 0)
(4, 1772, 98)
(4, 1421, -66)
(4, 1217, -768)
(4, 3408, -637)
(4, 1170, -531)
(4, 901, -895)
(4, 981, 570)
(4, 402, -923)
(4, 336, 64)
(4, 50, -941)
(4, 3419, -616)
(4, 439, -1002)
(4, 1081, -680)
(4, 275, -809)
(4, 130, -600)
(4, 756, 122)
(4, 1601, -739)
(4, 24, 499)
(4, 1228, -580)
(4, 641, 629)
(4, 934, -828)
(4, 1253, -924)
(4, 1961, -701)
(4, 1345, 541)
(4, 2466, -839)
(4, 1919, -1014)
(4, 1097, -661)
(4, 1132, -519)
(4, 917, -160)
(4, 2898, -679)
(4, 1503, -329)
(4, 760, -654)
(4, 594, -898)
(4, 707, -583)
(4, 539, -474)
(4, 3021, -625)
(4, 743, 659)
(4, 3212, -712)
(4, 713, -621)
(4, 1049, -699)
(4, 3344, 364)
(4, 2971, -746)
(4, 2479, -973)
(4, 1563, -837)
(4, 1787, 362)
(4, 406, -286)
(4, 693, -669)
(4, 1474, 974)
(4, 4000, 720)
(4, 1589, -802)
(4, 149, -639)
(4, 208, -57)
(4, 3165, -684)
(4, 2449, -208)
(4, 2938, -591)
(4, 3357, -854)
(4, 3063, -671)
(4, 361, -568)
(4, 70, -181)
(4, 3148, -740)
(4, 711, -222)
(4, 1215, -650)
(4, 2312, -761)
(4, 1697, -16)
(4, 91, -687)
(4, 2190, 764)
(4, 966, -742)
(4, 1431, -810)
(4, 1139, -610)
(4, 1705, 837)
(4, 563, -316)
(4, 1640, 594)
(4, 3206, -1017)
(4, 2126, -952)
(4, 1406, 246)
(4, 671, -994)
(4, 3840, -790)
(4, 303, -546)
(4, 1465, 72)
(4, 217, -579)
(4, 1006, 446)
(4, 504, -580)
(4, 1782, -991)
(4, 1841, -756)
(4, 184, -936)
(4, 2232, -992)
(4, 451, -754)
(4, 2869, -870)
(4, 318, -187)
(4, 374, 158)
(4, 175, 465)
(4, 1456, -713)
(4, 3900, -888)
(4, 1616, -908)
(4, 1253, -634)
(4, 2119, -614)
(4, 2004, -784)
(4, 597, -633)
(4, 547, -872)
(4, 78, -624)
(4, 1605, -562)
(4, 1357, -829)
(4, 816, 451)
(4, 1080, -669)
(4, 3388, -773)
(4, 621, -577)
(4, 183, 336)
(4, 1121, -910)
(4, 1708, -739)
(4, 714, 1009)
(4, 506, -304)
(4, 3559, -964)
(4, 132, -558)
(4, 259, -782)
(4, 715, -633)
(4, 1291, -27)
(4, 1311, -835)
(4, 2251, -647)
(4, 1708, -202)
(4, 3551, -962)
(5, 3045, -864)
(5, 8, -870)
(5, 3246, -142)
(5, 1651, -840)
(5, 978, -996)
(5, 3258, -826)
(5, 169, -508)
(5, 571, -950)
(5, 54, -966)
(5, 2316, -945)
(5, 1837, 451)
(5, 1261, -249)
(5, 273, -933)
(5, 219, -658)
(5, 224, -515)
(5, 3265, -661)
(5, 1802, 829)
(5, 493, -740)
(5, 1847, -123)
(5, 1583, -118)
(5, 738, 208)
(5, 1033, 747)
(5, 1511, -537)
(5, 3154, -957)
(5, 1527, -795)
(5, 3582, -856)
(5, 3075, -605)
(5, 1252, -754)
(5, 665, -867)
(5, 387, -252)
(5, 436, -914)
(5, 1212, 283)
(5, 549, -680)
(5, 3244, 540)
(5, 875, -536)
(5, 1980, -775)
(5, 2424, 353)
(5, 1260, -99)
(5, 170, -620)
(5, 609, 584)
(5, 34, 585)
(5, 961, -684)
(5, 118, -782)
(5, 1019, -513)
(5, 1367, -928)
(5, 3891, 366)
(5, 269, -113)
(5, 1068, 463)
(5, 1000, -776)
(5, 740, -117)
(5, 1027, -258)
(5, 1679, -971)
(5, 1072, 426)
(5, 172, 456)
(5, 1558, -962)
(5, 975, -668)
(5, 581, -614)
(5, 3057, -887)
(5, 1763, 131)
(5, 3390, 430)
(5, 2738, -540)
(5, 3567, 272)
(5, 849, -821)
(5, 716, 169)
(5, 1235, -694)
(5, 706, 677)
(5, 3477, 64)
(5, 1163, 33)
(5, 3611, 377)
(5, 3472, -920)
(5, 468, -739)
(5, 1709, -860)
(5, 587, 939)
(5, 3638, 458)
(5, 1998, 960)
(5, 1216, -363)
(5, 2784, -828)
(5, 2160, 930)
(5, 2150, -309)
(5, 1912, -602)
(5, 17, 1)
(5, 1688, -324)
(5, 1182, -715)
(5, 1493, -761)
(5, 1148, -900)
(5, 373, -872)
(5, 1063, -825)
(5, 90, -737)
(5, 1399, 120)
(5, 3452, -744)
(5, 875, -786)
(5, 3506, -823)
(5, 533, -691)
(5, 1337, 790)
(5, 947, -901)
(5, 1463, -841)
(5, 1711, 116)
(5, 1077, -741)
(5, 1587, 138)
(5, 3817, -1016)
(5, 1112, 931)
(5, 1074, 541)
(5, 536, -119)
(5, 108, 684)
(5, 585, 872)
(5, 2285, 408)
(5, 1882, -870)
(5, 141, 613)
(5, 1140, -799)
(5, 1837, 348)
(5, 140, -669)
(5, 2589, 499)
(5, 420, -701)
(5, 285, -612)
(5, 2524, -546)
(5, 132, -1000)
(5, 3734, -781)
(5, 1214, -928)
(5, 1296, 547)
(5, 1266, 995)
(6, 1233, -600)
(6, 687, -674)
(6, 1372, 970)
(6, 3704, -598)
(6, 1597, -631)
(6, 3683, -550)
(6, 3908, -342)
(6, 346, 281)
(6, 3231, -653)
(6, 2802, -837)
(6, 2065, -718)
(6, 528, -420)
(6, 1198, -622)
(6, 573, -797)
(6, 660, 307)
(6, 1362, 231)
(6, 1373, -838)
(6, 424, -651)
(6, 286, -537)
(6, 492, -775)
(6, 2048, 40)
(6, 3730, -640)
(6, 2871, -720)
(6, 1944, -625)
(6, 367, -871)
(6, 583, 764)
(6, 1694, 41)
(6, 1305, -706)
(6, 2413, -683)
(6, 1827, -863)
(6, 2648, 271)
(6, 3570, 425)
(6, 1396, -725)
(6, 2179, -571)
(6, 1698, -129)
(6, 540, -893)
(6, 2814, -624)
(6, 3107, 201)
(6, 1312, 156)
(6, 1068, 797)
(6, 1198, 306)
(6, 309, -274)
(6, 1627, -658)
(7, 227, 233)
(7, 1460, -578)
(7, 917, 327)
(7, 673, -534)
(7, 116, -865)
(7, 2872, 428)
(7, 305, 992)
(7, 123, -305)
(7, 2248, -709)
(7, 203, -104)
(7, 230, -993)
(7, 842, -927)
(7, 2491, -687)
(7, 3485, -625)
(7, 2750, 257)
(7, 1851, -521)
(7, 81, -471)
(7, 1193, -272)
(7, 2773, 577)
(7, 1600, -351)
(7, 1609, 121)
(7, 2774, -844)
(7, 2367, -753)
(7, 3004, -536)
(7, 552, -577)
(7, 820, 491)
(7, 3612, -789)
(7, 451, 752)
(7, 1832, 20)
(7, 269, -203)
(7, 623, 496)
(7, 3758, 259)
(7, 939, -843)
(7, 2961, -502)
(7, 1312, -589)
(7, 2574, 870)
(7, 515, -755)
(7, 1515, -944)
(7, 3373, 947)
(7, 738, -731)
(7, 250, 260)
(7, 1040, -969)
(7, 1329, -815)
(7, 1889, -541)
(7, 2390, -977)
(7, 1849, -359)
(7, 1692, 51)
(7, 3285, -745)
(7, 596, -542)
(7, 1008, -1008)
(7, 1152, -634)
(7, 577, 656)
(7, 1039, 166)
(8, 372, 393)
(8, 3550, 703)
(8, 693, -840)
(8, 3316, 102)
(8, 2830, 963)
(8, 1555, 480)
(8, 1804, 331)
(8, 778, -875)
(8, 1225, -706)
(8, 1930, -956)
(8, 1321, 949)
(8, 1844, -956)
(8, 263, 636)
(8, 150, 727)
(8, 454, -216)
(8, 510, 755)
(8, 678, -683)
(8, 1600, 369)
(8, 191, -594)
(8, 3169, -957)
(8, 1029, -732)
(8, 2388, -785)
(8, 3499, -766)
(8, 808, 139)
(8, 559, -128)
(8, 816, -684)
(8, 3548, -512)
(8, 1376, -582)
(8, 1961, -817)
(8, 1142, -951)
(8, 310, -880)
(8, 1842, -807)
(8, 1236, -602)
(8, 3961, -617)
(8, 1273, -799)
(8, 118, 971)
(8, 834, -717)
(8, 478, -930)
(8, 1934, -876)
(8, 412, -152)
(8, 1925, -780)
(8, 1258, -342)
(8, 709, -287)
(8, 3426, -711)
(8, 2201, -792)
(8, 491, -235)
(8, 774, 245)
(8, 1515, 61)
(8, 3297, -775)
(8, 1043, -559)
(8, 33, -902)
(8, 44, -728)
(8, 1465, -612)
(8, 1900, -751)
(8, 1108, -914)
(8, 530, -672)
(8, 2809, -678)
(8, 3412, -620)
(8, 1210, 209)
(8, 226, -608)
(8, 1800, 119)
(8, 1636, -703)
(8, 1924, -910)
(8, 181, -642)
(8, 766, -504)
(8, 1010, -998)
(8, 189, -597)
(8, 3155, -642)
(8, 1947, -438)
(8, 1018, 23)
(8, 3617, -347)
(8, 2656, -273)
(8, 3025, -771)
(8, 1112, -1000)
(8, 2225, 750)
(8, 1451, -664)
(8, 2975, -597)
(8, 2137, -553)
(8, 629, -797)
(8, 1378, -198)
(8, 2126, -752)
(8, 1233, -593)
(8, 1721, -123)
(8, 2988, -569)
(8, 1716, -289)
(8, 2927, -645)
(8, 3780, 784)
(8, 3579, 717)
(8, 1276, 342)
(8, 1645, 399)
(8, 818, -368)
(8, 3240, 678)
(8, 774, -790)
(8, 1041, -655)
(8, 1091, -66)
(8, 2011, 827)
(8, 1528, -1003)
(8, 1987, -865)
(8, 1265, -1021)
(8, 1037, -803)
(8, 1164, -885)
(8, 1646, -61)
(8, 102, -616)
(8, 360, 31)
(8, 2481, 682)
(8, 1574, -884)
(8, 873, -682)
(8, 1202, 146)
(8, 519, 925)
(8, 1127, -835)
(8, 1235, -947)
(8, 1090, 18)
(8, 325, -663)
(8, 1881, -968)
(8, 582, 1002)
(8, 2304, -949)
(8, 2427, -669)
(8, 475, 313)
(8, 131, -96)
(8, 1993, -925)
(8, 347, 892)
(8, 3447, -931)
(8, 126, -1014)
(8, 3726, 463)
(9, 244, -625)
(9, 678, -901)
(9, 1346, 767)
(9, 967, -758)
(9, 858, -701)
(9, 724, -1011)
(9, 1562, -799)
(9, 634, 385)
(9, 2737, 71)
(9, 2366, -612)
(9, 1269, -813)
(9, 591, -1022)
(9, 806, 31)
(9, 838, 1016)
(9, 1502, 920)
(9, 482, 288)
(9, 375, 264)
(9, 69, -435)
(9, 1125, -620)
(9, 759, 524)
(9, 1128, -640)
(9, 1779, -968)
(9, 1450, -899)
(9, 447, -849)
(9, 1533, 728)
(9, 792, -965)
(9, 1849, -987)
(9, 1092, -996)
(9, 262, -189)
(9, 1480, -543)
(9, 1267, -930)
(9, 1937, -136)
(9, 148, 267)
(9, 1781, -590)
(9, 205, -983)
(9, 1333, -690)
(9, 3925, -129)
(10, 161, 138)
(10, 1273, -904)
(10, 1090, -826)
(10, 2507, 448)
(10, 1189, -123)
(10, 3563, 548)
(10, 1721, -567)
(10, 1008, -793)
(11, 448, -586)
(11, 739, -804)
(11, 3097, 420)
(11, 861, -916)
(11, 795, -527)
(11, 2766, 380)
(11, 959, 118)
(11, 2668, 231)
(11, 499, 158)
(11, 1310, -1018)
(11, 1314, -798)
(11, 1382, -963)
(11, 1991, -544)
(11, 3771, -795)
(11, 1808, -574)
(11, 989, -639)
(11, 3249, 229)
(11, 1449, -972)
(11, 429, -601)
(11, 110, 786)
(11, 2641, 775)
(11, 14, -903)
(11, 3469, -843)
(11, 2931, -724)
(11, 2831, 307)
(11, 1890, -944)
(11, 3249, 705)
(11, 78, -455)
(11, 1304, -517)
(11, 989, -311)
(11, 1958, -640)
(11, 255, 803)
(11, 2260, -672)
(11, 1112, -764)
(11, 3903, 352)
(11, 653, 497)
(11, 510, -568)
(11, 1506, 163)
(11, 393, 484)
(11, 226, -80)
(11, 731, 17)
(11, 1372, 234)
(11, 338, -637)
(11, 1920, -221)
(11, 1931, 71)
(11, 1311, -579)
(11, 15, 25)
(11, 1601, 772)
(11, 621, -667)
(11, 1223, 659)
(11, 1189, -575)
(11, 375, -910)
(11, 1721, -809)
(11, 3869, -209)
(11, 1981, -670)
(11, 500, 36)
(11, 3401, -394)
(11, 552, -141)
(11, 2437, -835)
(11, 168, 90)
(11, 1342, 662)
(11, 594, -651)
(11, 1567, 696)
(11, 1556, 290)
(11, 1273, 616)
(11, 3420, -697)
(11, 1835, -524)
(11, 1118, -99)
(11, 1807, -447)
(11, 1239, -942)
(11, 3101, -583)
(11, 105, 3)
(11, 814, -964)
(11, 3880, -810)
(11, 775, -654)
(11, 2073, -525)
(11, 2201, 1008)
(11, 3859, -452)
(11, 2075, 324)
(11, 773, -649)
(11, 1620, -889)
(11, 911, -889)
(11, 1053, -786)
(11, 1292, -892)
(11, 641, -863)
(11, 1977, 470)
(11, 1542, -708)
(11, 902, -519)
(11, 1399, -769)
(11, 223, -816)
(11, 305, -820)
(11, 1684, -46)
(11, 444, -661)
(11, 893, -887)
(11, 44, -819)
(11, 559, 947)
(11, 977, -910)
(11, 309, -992)
(11, 129, -939)
(11, 1208, -899)
(11, 2698, -773)
(11, 1097, -938)
(11, 3524, -649)
(11, 181, 142)
(11, 1064, -949)
(11, 2199, -525)
(11, 81, 860)
(11, 797, -629)
(11, 1457, -922)
(11, 1818, 564)
(11, 1437, -840)
(11, 1211, -529)
(12, 1047, -989)
(12, 609, 281)
(12, 1944, -818)
(12, 3376, -517)
(12, 1951, -825)
(12, 1830, -695)
(12, 25, -725)
(12, 1540, 963)
(12, 1660, -226)
(12, 1016, -147)
(12, 123, 188)
(12, 149, -829)
(12, 3036, -755)
(12, 1925, -654)
(12, 2430, -918)
(12, 878, -725)
(12, 185, -987)
(12, 2970, -9)
(12, 49, -609)
(12, 98, 455)
(12, 2010, -770)
(12, 991, -166)
(12, 2608, -729)
(12, 3022, 147)
(12, 1404, -629)
(12, 731, -968)
(12, 853, -888)
(12, 1505, 350)
(12, 1329, -911)
(12, 2934, -741)
(12, 2644, -939)
(12, 975, 64)
(12, 2269, -556)
(12, 1410, 18)
(12, 388, 73)
(12, 3945, -861)
(12, 1194, -979)
(12, 1126, 573)
(12, 1206, -619)
(12, 2837, 109)
(12, 1311, -740)
(12, 398, 583)
(12, 1651, -995)
(12, 679, -977)
(12, 1986, -511)
(12, 577, -805)
(12, 2438, -825)
(12, 1705, -946)
(12, 3312, -518)
(12, 373, -841)
(12, 922, -821)
(12, 830, 619)
(12, 3542, -924)
(12, 2894, -128)
(12, 1184, -714)
(12, 3194, 953)
(12, 1873, 681)
(12, 1597, -531)
(12, 236, -531)
(12, 505, -337)
(12, 1383, -998)
(12, 38, -607)
(12, 672, -576)
(12, 350, -987)
(12, 534, -602)
(12, 750, -19)
(12, 1557, -809)
(12, 1751, 76)
(12, 2315, -762)
(12, 1460, 547)
(12, 3669, -625)
(12, 1773, -468)
(12, 855, -587)
(12, 458, -744)
(12, 1621, -1011)
(12, 2221, -537)
(12, 3234, -323)
(12, 1924, -611)
(12, 624, -720)
(12, 2059, 584)
(12, 1917, -744)
(12, 1743, 230)
(12, 1037, -908)
(12, 872, -835)
(12, 984, -1013)
(12, 3532, 740)
(12, 2891, 56)
(12, 3628, -969)
(12, 276, -379)
(12, 1362, -914)
(12, 3917, -808)
(12, 1761, -624)
(12, 574, -691)
(12, 735, -737)
(12, 2833, -767)
(12, 301, 5)
(12, 572, 187)
(12, 477, -981)
(12, 170, -959)
(12, 1903, -964)
(12, 278, 349)
(12, 1504, 785)
(12, 1768, -781)
(12, 3215, -150)
(12, 3487, 759)
(12, 2653, 837)
(12, 241, -214)
(12, 644, 683)
(12, 2385, -243)
(12, 1792, -1022)
(12, 731, -603)
(12, 1115, -988)
(12, 29, -770)
(12, 2647, -897)
(12, 1474, 939)
(12, 1732, 226)
(12, 3255, -135)
(12, 1981, -815)
(12, 3089, -627)
(12, 1210, -209)
(12, 837, -799)
(12, 1120, 947)
(12, 314, -842)
(12, 438, -662)
(12, 2656, -803)
(12, 3361, -752)
(12, 3068, 862)
(12, 406, 495)
(12, 1682, -687)
(12, 661, 697)
(12, 27, -678)
(13, 514, 202)
(13, 2060, 586)
(13, 345, -816)
(13, 1367, -790)
(13, 482, 335)
(13, 1927, -397)
(13, 2107, 401)
(13, 2250, -793)
(13, 542, 48)
(13, 3801, 542)
(13, 2044, -934)
(13, 770, -986)
(13, 817, -775)
(13, 503, -821)
(13, 1331, -513)
(13, 281, -625)
(13, 1396, -649)
(13, 1182, -711)
(13, 1183, -736)
(13, 49, -668)
(13, 2424, -357)
(13, 677, -638)
(13, 1043, -304)
(13, 1716, 257)
(13, 1885, 235)
(13, 1293, -953)
(13, 1526, -665)
(13, 1176, -902)
(13, 92, -925)
(13, 1746, -752)
(13, 5, -772)
(13, 705, 729)
(13, 373, -682)
(13, 1126, -530)
(13, 808, -359)
(13, 3952, -785)
(13, 483, -989)
(13, 2002, 768)
(13, 1239, -973)
(13, 464, 253)
(13, 2415, -896)
(13, 1886, 45)
(13, 677, 124)
(13, 3210, -655)
(13, 2283, -859)
(13, 127, -629)
(13, 1986, -671)
(13, 1592, -844)
(13, 3624, 122)
(13, 326, -116)
(13, 330, -959)
(13, 2001, -193)
(13, 3634, 676)
(13, 3797, -860)
(13, 1949, -751)
(13, 3855, -731)
(13, 1550, -517)
(13, 1877, -733)
(13, 1394, -847)
(13, 443, -682)
(13, 333, -247)
(13, 319, -991)
(13, 176, -756)
(13, 3888, -840)
(13, 1351, -542)
(13, 2323, -621)
(13, 764, 251)
(13, 2481, -571)
(13, 281, -621)
(13, 64, -701)
(13, 3236, -629)
(13, 1164, -728)
(13, 1222, -955)
(13, 390, -996)
(13, 1361, -744)
(13, 652, -812)
(13, 996, -555)
(13, 1764, -644)
(13, 2376, 989)
(13, 1399, 724)
(13, 2709, -519)
(13, 2986, -992)
(13, 1879, 762)
(13, 1200, 398)
(13, 1696, 67)
(13, 867, -999)
(13, 1113, -157)
(13, 1974, -779)
(13, 898, -812)
(13, 2737, -915)
(13, 1338, 674)
(13, 403, 557)
(13, 1864, 544)
(13, 3827, -864)
(13, 2461, -520)
(13, 3770, -709)
(13, 1551, -661)
(13, 205, -689)
(13, 241, -324)
(13, 1876, -865)
(13, 2881, 743)
(13, 669, -223)
(13, 941, -986)
(13, 1370, 888)
(13, 3110, -814)
(13, 432, -630)
(13, 3305, -749)
(13, 135, -616)
(13, 1748, -778)
(13, 3270, -821)
(13, 815, -937)
(13, 1070, -835)
(13, 3666, -627)
(13, 17, -719)
(13, 1113, -344)
(13, 2790, -677)
(13, 1222, 984)
(13, 3346, -898)
(13, 3526, -887)
(13, 1246, -335)
(13, 833, -989)
(13, 1894, 37)
(13, 1696, 37)
(13, 223, -701)
(13, 92, -585)
(13, 3655, -821)
(13, 228, -46)
(13, 1992, -712)
(13, 1606, -434)
(13, 1609, -621)
(13, 3142, -692)
(13, 114, -783)
(13, 1846, -932)
(13, 1991, 73)
(13, 26, -650)
(13, 481, -1002)
(13, 1464, -946)
(13, 668, -859)
(13, 157, 614)
(13, 1853, -973)
(13, 2783, -860)
(13, 1245, -543)
(13, 510, -231)
(13, 2996, -720)
(13, 938, -907)
(13, 1352, -904)
(13, 762, -702)
(13, 3454, -374)
(14, 201, -486)
(14, 1270, 231)
(14, 532, 716)
(14, 743, -495)
(14, 3778, -829)
(14, 1666, -491)
(14, 3597, 24)
(14, 301, 121)
(14, 660, -231)
(14, 1371, -157)
(14, 1868, 636)
(14, 168, 1010)
(14, 2037, 644)
(14, 447, -38)
(14, 1739, -755)
(14, 3335, -1013)
(14, 1588, 260)
(14, 310, -576)
(14, 518, -725)
(14, 1878, -922)
(14, 563, -831)
(14, 20, 587)
(14, 965, -103)
(14, 612, -1013)
(14, 210, -1010)
(14, 1712, -541)
(14, 424, -841)
(14, 1499, 356)
(14, 1569, -930)
(14, 927, 441)
(14, 3520, 718)
(14, 3423, -675)
(14, 2283, -743)
(14, 1588, -157)
(14, 3991, -57)
(14, 494, -590)
(14, 980, 158)
(14, 3730, 205)
(14, 1105, -566)
(14, 1106, -789)
(14, 306, -620)
(14, 2815, 597)
(14, 1408, 574)
(14, 1458, 596)
(14, 965, 925)
(14, 1252, 859)
(14, 1955, -994)
(14, 1438, -302)
(14, 821, -655)
(14, 1194, -1002)
(14, 948, -957)
(14, 708, -561)
(14, 3759, -923)
(14, 1210, 117)
(14, 1900, 843)
(14, 1742, -955)
(14, 1088, -999)
(14, 195, -862)
(14, 717, -919)
(14, 1931, -722)
(14, 1406, 385)
(14, 1820, -211)
(14, 1681, -774)
(14, 799, -868)
(14, 936, -138)
(14, 1557, -590)
(14, 300, -783)
(14, 2435, -583)
(14, 1435, -553)
(14, 1975, -1011)
(14, 46, -413)
(14, 389, -1003)
(14, 1057, -932)
(14, 1318, -978)
(14, 536, 770)
(14, 1484, -797)
(14, 753, 609)
(14, 1806, -630)
(14, 3503, 16)
(14, 2518, -663)
(14, 1812, -829)
(14, 1687, 10)
(14, 953, -983)
(14, 132, -339)
(14, 153, -198)
(14, 252, -596)
(14, 58, -848)
(14, 568, -195)
(14, 1283, -773)
(14, 3514, -779)
(14, 968, 373)
(14, 2821, 589)
(14, 2873, -739)
(14, 27, -794)
(14, 3263, 725)
(14, 896, -839)
(14, 3055, -693)
(15, 824, -919)
(15, 850, 722)
(15, 1577, -685)
(15, 3027, 142)
(15, 1743, -924)
(15, 576, -955)
(15, 1320, -367)
(15, 1282, 159)
(15, 2028, 199)
(15, 742, -173)
(15, 1735, -919)
(15, 2413, -49)
(15, 3723, -601)
(15, 2568, -736)
(15, 813, -87)
(15, 1730, -518)
(15, 521, 794)
(15, 301, -677)
(15, 134, -906)
(15, 2190, -734)
(15, 1173, 1007)
(15, 2381, -614)
(15, 2193, -680)
(15, 64, -523)
(15, 2648, -336)
(15, 1360, -524)
(15, 2864, -583)
(15, 40, -1019)
(15, 2883, -759)
(15, 816, -529)
(15, 36, -1010)
(15, 1660, 786)
(15, 663, -908)
(15, 1858, -728)
(15, 650, -658)
(16, 842, -708)
(16, 11, -1014)
(16, 625, -215)
(16, 2483, -874)
(16, 1853, -886)
(16, 816, -765)
(16, 261, -530)
(16, 68, -956)
(16, 1547, -1015)
(16, 1053, -692)
(16, 899, -866)
(16, 1169, -881)
(16, 1909, -998)
(16, 987, -932)
(16, 1929, -784)
(16, 428, -750)
(16, 2102, -632)
(16, 1744, -655)
(16, 833, -760)
(16, 1780, -432)
(16, 1274, 559)
(16, 3244, -542)
(16, 2336, 954)
(16, 1144, 42)
(16, 1051, 383)
(16, 2649, -560)
(16, 583, -822)
(16, 1323, -1019)
(16, 1924, -984)
(16, 1305, -28)
(16, 378, -408)
(16, 1306, -1019)
(16, 2017, -845)
(16, 1314, 674)
(16, 687, 827)
(16, 1521, -638)
(16, 1407, 593)
(16, 1497, 167)
(16, 3530, 101)
(16, 1111, 770)
(16, 3422, -906)
(16, 817, -614)
(16, 2354, 417)
(16, 1094, -852)
(16, 1150, -602)
(16, 2585, -640)
(16, 367, -889)
(16, 2781, -550)
(16, 3330, -160)
(16, 738, 769)
(16, 425, -689)
