rows=9302
cols=4795
(0, 2324, -222)
(0, 1580, -752)
(0, 1799, -1011)
(0, 1565, -943)
(0, 2277, -904)
(0, 3303, -582)
(0, 2117, -275)
(0, 1135, 622)
(0, 4386, 1)
(0, 663, -645)
(0, 2208, -932)
(0, 2101, -481)
(0, 115, -273)
(0, 844, 305)
(0, 536, 721)
(0, 4602, -888)
(0, 2339, 29)
(0, 657, -644)
(0, 551, -948)
(0, 2683, 102)
(0, 715, -853)
(0, 1214, 34)
(0, 1499, -690)
(0, 338, 222)
(0, 4716, -538)
(0, 2322, 26)
(0, 1567, 780)
(0, 1919, -763)
(0, 3358, 398)
(0, 2348, 771)
(0, 2191, -413)
(0, 4580, -46)
(0, 4142, -847)
(0, 176, -553)
(1, 335, -584)
(1, 988, -989)
(1, 3984, 105)
(1, 1847, -293)
(1, 3789, 5)
(1, 31, -1018)
(1, 1470, 246)
(1, 2045, -1022)
(1, 3504, -656)
(1, 841, -193)
(1, 108, 544)
(1, 2144, -647)
(1, 697, -446)
(1, 2045, 70)
(1, 665, -85)
(1, 2339, -809)
(1, 794, 597)
(1, 810, -949)
(1, 2915, -531)
(1, 1802, 128)
(1, 1181, 234)
(1, 3222, -926)
(1, 2464, 760)
(1, 2241, -556)
(1, 1793, -781)
(1, 1181, -601)
(1, 919, -59)
(1, 1622, -457)
(1, 453, 962)
(1, 1626, 423)
(1, 723, -100)
(1, 2118, -787)
(1, 4040, -885)
(2, 2712, -873)
(2, 846, 971)
(2, 369, -824)
(2, 3373, -54)
(2, 1585, 774)
(2, 4521, -557)
(2, 450, -937)
(2, 2287, -926)
(2, 1343, -918)
(2, 1078, -742)
(2, 4437, -691)
(2, 765, 544)
(2, 956, -934)
(2, 1935, -546)
(2, 734, -956)
(2, 499, -862)
(2, 1725, -373)
(2, 1999, -1023)
(2, 2332, -811)
(2, 473, 480)
(2, 1564, -535)
(2, 1482, 196)
(2, 325, -738)
(2, 611, -810)
(2, 1234, -739)
(2, 2404, -675)
(2, 1373, -592)
(2, 2451, -74)
(2, 1530, -968)
(2, 1914, 768)
(2, 1974, -544)
(2, 515, -607)
(2, 1460, 391)
(2, 1378, -582)
(2, 3465, -938)
(2, 757, -884)
(2, 1661, 581)
(2, 549, -797)
(2, 1591, -765)
(2, 605, 308)
(2, 1880, 970)
(2, 3072, -767)
(2, 950, -531)
(2, 1383, -928)
(2, 2161, -955)
(2, 4284, -722)
(2, 2105, -855)
(2, 3825, -962)
(2, 2224, -912)
(2, 701, -135)
(2, 2233, -606)
(2, 3353, -607)
(2, 3463, 323)
(2, 658, 943)
(2, 2673, -809)
(2, 3166, 952)
(2, 1503, 478)
(2, 1025, -585)
(2, 1899, 296)
(2, 1737, 743)
(2, 1938, 491)
(2, 78, 266)
(3, 1825, -984)
(3, 4720, -944)
(3, 90, -923)
(3, 1961, -596)
(3, 363, 1020)
(3, 1825, -418)
(3, 825, -879)
(3, 1634, -810)
(3, 1501, -990)
(3, 401, -832)
(3, 1340, -713)
(3, 2083, 704)
(3, 4064, -671)
(3, 2178, 1008)
(3, 4513, 693)
(3, 1727, 579)
(3, 2085, -811)
(3, 1109, 28)
(3, 292, 673)
(3, 1677, -924)
(3, 4484, -613)
(3, 1805, 930)
(3, 2275, 340)
(3, 1091, -898)
(3, 1618, -672)
(3, 1805, -672)
(3, 675, -576)
(3, 987, -634)
(3, 2199, -929)
(3, 5, -941)
(3, 4285, -990)
(3, 540, -981)
(3, 2086, 575)
(3, 1289, -530)
(3, 4297, -675)
(3, 1275, -833)
(3, 1718, -423)
(3, 4582, -971)
(3, 793, -923)
(3, 4602, -1002)
(3, 2040, -218)
(3, 2228, 137)
(3, 2226, -957)
(3, 827, -837)
(3, 1829, -386)
(3, 1824, 893)
(3, 2731, 79)
(3, 1837, -257)
(3, 1632, 369)
(3, 3947, -839)
(3, 1671, -815)
(3, 123, -776)
(3, 1068, -569)
(3, 4230, 345)
(3, 2075, -971)
(3, 1362, -596)
(3, 3099, -998)
(3, 2115, -699)
(3, 606, -537)
(3, 1702, 260)
(3, 1346, -546)
(3, 57, -518)
(3, 489, 150)
(3, 4589, -812)
(3, 1457, -1001)
(3, 627, -715)
(3, 387, 697)
(3, 285, 650)
(3, 2036, -322)
(3, 2173, 648)
(3, 4295, -1002)
(3, 1323, -980)
(3, 2847, -580)
(4, 2347, -41)
(4, 579, -260)
(4, 2621, -208)
(4, 2136, -813)
(4, 2384, -457)
(4, 2104, 170)
(4, 752, -690)
(4, 159, -782)
(4, 699, -308)
(4, 616, -629)
(4, 778, -976)
(4, 4131, -516)
(4, 25, -645)
(4, 4475, -684)
(4, 467, -793)
(4, 3836, -841)
(4, 1137, -942)
(4, 4110, -642)
(4, 1151, 792)
(4, 3328, 542)
(4, 1966, -21)
(4, 1286, -983)
(4, 14, -840)
(4, 4682, -665)
(4, 22, 990)
(4, 1132, 529)
(4, 1324, 602)
(4, 495, -575)
(4, 1229, -813)
(4, 403, -715)
(4, 2034, -724)
(4, 2099, -673)
(4, 296, 709)
(4, 1468, -597)
(4, 2083, -699)
(4, 4156, -772)
(4, 4105, -391)
(4, 2529, 129)
(4, 212, -573)
(4, 4375, 868)
(4, 3244, -183)
(4, 785, -245)
(4, 2282, -979)
(4, 8, 847)
(4, 964, -622)
(4, 651, -879)
(4, 3345, 1013)
(4, 3978, 398)
(4, 1233, -723)
(4, 1937, -863)
(4, 89, -911)
(4, 689, -955)
(4, 4228, 863)
(4, 58, -982)
(4, 1924, -895)
(4, 3087, -861)
(4, 96, 378)
(4, 825, 34)
(4, 3749, -874)
(4, 3890, -954)
(4, 1000, 527)
(4, 4196, 268)
(4, 709, -604)
(4, 3357, 712)
(4, 306, 730)
(4, 2980, 73)
(4, 1174, -826)
(4, 857, -870)
(4, 1420, 491)
(4, 4283, -981)
(4, 818, -762)
(4, 2054, 155)
(4, 1177, -579)
(4, 648, -445)
(5, 3623, 92)
(5, 4576, -919)
(5, 3356, 126)
(5, 1886, -674)
(5, 546, 841)
(5, 4747, -723)
(5, 343, 428)
(5, 4343, -498)
(5, 4706, -912)
(5, 325, 489)
(5, 1885, -179)
(5, 25, -555)
(5, 128, -453)
(5, 1348, -887)
(5, 4272, 500)
(5, 1438, -776)
(5, 3870, -659)
(5, 2191, -791)
(5, 1701, -772)
(5, 276, -801)
(5, 1331, -352)
(5, 2010, -674)
(5, 1941, -870)
(5, 329, -912)
(5, 3689, -954)
(5, 244, -982)
(6, 193, -173)
(6, 2128, -794)
(6, 613, -336)
(6, 2328, -303)
(6, 2178, -922)
(6, 1862, -582)
(6, 261, -406)
(6, 672, -933)
(6, 1361, 513)
(6, 1872, -950)
(6, 969, -535)
(6, 3751, -512)
(6, 903, 651)
(6, 2494, -756)
(6, 1459, -113)
(6, 329, 792)
(6, 3980, 567)
(6, 1885, -661)
(6, 3476, -989)
(6, 288, -514)
(6, 1285, -751)
(6, 1446, 900)
(6, 2834, -248)
(6, 886, -651)
(6, 3634, -109)
(6, 1366, -970)
(6, 515, -821)
(6, 1414, -803)
(6, 1962, -710)
(6, 2529, -775)
(6, 736, -856)
(6, 2191, -976)
(6, 2096, -749)
(6, 4264, -543)
(6, 4274, 707)
(6, 3212, -742)
(6, 1500, -767)
(6, 3540, -914)
(6, 2122, -527)
(6, 1688, -707)
(6, 2147, -584)
(6, 1506, 976)
(6, 304, -989)
(6, 1751, -694)
(6, 4126, -518)
(6, 621, 550)
(6, 2223, -564)
(6, 960, -995)
(6, 1583, -744)
(6, 1898, -777)
(6, 2072, -763)
(6, 1704, -893)
(6, 781, -617)
(6, 463, -1022)
(6, 855, -695)
(6, 2053, -520)
(6, 2263, -1001)
(6, 876, 754)
(6, 1679, 367)
(6, 2156, 148)
(6, 4236, -786)
(6, 1306, -874)
(6, 571, -752)
(6, 628, 282)
(6, 2315, -949)
(6, 955, 18)
(6, 1837, -1001)
(6, 3266, 553)
(6, 2762, 574)
(6, 3667, -906)
(6, 1771, -625)
(6, 2, -78)
(6, 1231, -354)
(6, 3648, -526)
(6, 168, -84)
(6, 3142, 878)
(6, 1606, -656)
(6, 351, 204)
(6, 81, -1022)
(6, 4003, -817)
(6, 2394, -415)
(6, 1000, -679)
(6, 13, -672)
(6, 4285, 657)
(6, 1962, -857)
(6, 2763, 20)
(6, 2278, 384)
(6, 1624, -637)
(6, 178, 630)
(6, 163, -647)
(6, 2341, -1010)
(6, 2870, -543)
(6, 1859, -948)
(7, 2306, -956)
(7, 3966, 825)
(7, 616, -37)
(7, 376, -476)
(7, 673, -791)
(7, 1647, -975)
(7, 1323, 546)
(7, 156, -727)
(7, 1265, -571)
(7, 392, 174)
(7, 188, -796)
(7, 169, -318)
(7, 2239, -903)
(7, 1132, 1006)
(7, 1375, -605)
(7, 4107, 651)
(7, 2341, -666)
(7, 2769, -569)
(7, 1715, 159)
(7, 472, -718)
(7, 1070, -964)
(7, 1310, -643)
(7, 1364, -992)
(7, 2769, -4)
(7, 2017, -50)
(7, 3883, -801)
(7, 3007, -627)
(7, 3262, -765)
(7, 2211, -850)
(7, 1932, -616)
(7, 4626, -628)
(7, 896, 404)
(7, 4670, -790)
(7, 844, 731)
(7, 742, -772)
(7, 2541, -612)
(7, 2028, -999)
(7, 3082, -653)
(7, 3130, -682)
(7, 664, -924)
(7, 1638, -625)
(7, 2615, -558)
(7, 1930, -656)
(7, 887, -962)
(7, 4262, -999)
(7, 4307, -879)
(7, 2356, -524)
(7, 694, -959)
(7, 2715, -1023)
(7, 4540, -947)
(7, 4242, -571)
(7, 1620, -355)
(7, 1484, -893)
(7, 935, 71)
(7, 554, -117)
(7, 1839, 277)
(7, 1437, -746)
(7, 521, -540)
(7, 532, -525)
(7, 45, -899)
(7, 1612, -917)
(7, 126, -28)
(7, 3868, -554)
(7, 3786, -950)
(7, 4, -632)
(7, 475, -948)
(7, 35, -830)
(7, 3952, -969)
(7, 879, -727)
(7, 1486, -554)
(7, 1515, -621)
(7, 1687, -266)
(7, 1246, -614)
(7, 3957, -679)
(7, 2134, 640)
(7, 3633, -930)
(7, 3826, -901)
(7, 1392, -697)
(7, 660, 460)
(7, 3610, 878)
(7, 3821, -533)
(7, 3422, 384)
(7, 3718, 261)
(7, 2523, -808)
(7, 1243, -425)
(7, 1054, 655)
(7, 4154, 118)
(7, 3840, 837)
(7, 511, -1010)
(7, 155, -713)
(7, 783, -526)
(7, 1126, -516)
(7, 2617, -1017)
(7, 197, -59)
(7, 1018, -799)
(7, 586, 72)
(7, 1676, -823)
(8, 3930, 43)
(8, 659, 67)
(8, 2121, -966)
(8, 4001, -605)
(8, 913, -990)
(8, 2600, -796)
(8, 858, -817)
(8, 3754, -735)
(8, 711, -629)
(8, 7, -649)
(8, 1855, -618)
(8, 3700, -735)
(8, 958, -908)
(8, 1651, -496)
(8, 1905, -333)
(8, 652, -562)
(8, 1907, 624)
(8, 2254, -516)
(8, 164, -581)
(8, 3228, -699)
(8, 2364, 979)
(8, 242, -512)
(8, 1297, -813)
(8, 592, -766)
(8, 764, -905)
(8, 819, -919)
(8, 783, -930)
(8, 2155, 264)
(8, 3694, -661)
(8, 3032, 499)
(8, 3177, -754)
(8, 612, -939)
(8, 4672, -714)
(8, 1071, -722)
(8, 1432, -882)
(8, 1949, -387)
(8, 151, 588)
(8, 1059, -634)
(8, 69, -476)
(8, 1159, -981)
(8, 4269, 42)
(8, 135, 953)
(8, 4441, -936)
(8, 3281, -43)
(8, 486, -795)
(8, 2332, -849)
(8, 401, -532)
(8, 1510, -587)
(8, 1550, 164)
(8, 2569, -634)
(8, 3866, 253)
(8, 860, 571)
(8, 2065, 685)
(8, 4757, 152)
(8, 2108, -932)
(8, 535, -994)
(8, 3649, -764)
(8, 3253, -1019)
(9, 4054, -580)
(9, 492, 904)
(9, 1894, -726)
(9, 1882, -608)
(9, 3062, 485)
(9, 1136, -773)
(9, 1374, -691)
(9, 4061, 430)
(9, 462, -931)
(9, 1665, -995)
(9, 2170, -555)
(9, 1012, 94)
(9, 1045, -762)
(9, 809, -961)
(9, 2167, -565)
(9, 926, 347)
(9, 766, -587)
(9, 3855, -486)
(9, 2303, -692)
(9, 2261, -41)
(9, 4207, -791)
(9, 668, 193)
(9, 1601, -504)
(9, 923, -826)
(9, 3703, -769)
(9, 494, 999)
(9, 192, -30)
(9, 2245, -709)
(9, 151, -516)
(9, 1226, -868)
(9, 1565, -861)
(9, 1926, -380)
(9, 3315, -110)
(9, 1826, 238)
(9, 3455, -146)
(9, 158, -864)
(9, 140, -589)
(9, 1672, -829)
(9, 1964, 845)
(9, 4480, -619)
(9, 3653, -683)
(9, 3073, -677)
(9, 4263, -242)
(9, 930, -572)
(9, 4744, -600)
(9, 1213, -681)
(9, 3998, -689)
(10, 633, 437)
(10, 58, -1001)
(10, 146, -922)
(10, 2626, -573)
(10, 2035, -776)
(10, 3058, -210)
(10, 1040, -998)
(10, 2992, -593)
(10, 2104, -827)
(10, 1826, -709)
(10, 726, -613)
(10, 379, 415)
(10, 1229, -687)
(10, 685, -449)
(10, 1189, 648)
(10, 1165, -784)
(10, 2037, -860)
(10, 4102, -360)
(10, 3473, -1006)
(10, 550, -929)
(10, 280, -744)
(10, 2062, -740)
(10, 1481, -656)
(10, 4450, -538)
(10, 1506, -725)
(10, 1105, 990)
(10, 4096, -792)
(10, 3401, -723)
(10, 1943, -597)
(10, 104, -530)
(11, 1345, -707)
(11, 1223, -789)
(11, 4424, -800)
(11, 1138, -897)
(11, 1149, -726)
(11, 139, 872)
(11, 479, -573)
(11, 419, -521)
(11, 1143, -579)
(11, 654, 295)
(11, 3379, -485)
(11, 1997, 354)
(11, 908, -435)
(11, 1346, -801)
(11, 1293, -575)
(11, 3980, -280)
(11, 586, -174)
(11, 875, -881)
(11, 2098, -819)
(11, 195, -903)
(11, 4657, -785)
(11, 4716, -781)
(11, 621, 575)
(11, 3156, -385)
(11, 3718, -553)
(11, 1355, -9)
(11, 1073, -821)
(11, 890, 537)
(11, 1459, -974)
(11, 457, -858)
(11, 1765, -587)
(11, 1324, -889)
(11, 456, -664)
(11, 4175, -780)
(11, 4377, -868)
(11, 1018, -19)
(11, 208, -293)
(11, 643, -343)
(11, 3198, -669)
(11, 1968, -938)
(11, 3396, -818)
(11, 1688, -736)
(11, 116, -933)
(11, 519, 351)
(11, 440, -611)
(11, 819, -924)
(11, 1103, -587)
(11, 858, 167)
(11, 102, 520)
(11, 36, 217)
(11, 740, 124)
(11, 2207, -551)
(11, 832, -861)
(11, 2169, 256)
(11, 9, -450)
(11, 1988, -653)
(11, 752, -975)
(11, 1783, -703)
(11, 2164, -940)
(11, 1522, -711)
(11, 3055, 571)
(11, 1367, -937)
(11, 564, -995)
(11, 3774, -917)
(11, 1457, -953)
(11, 1182, 552)
(11, 651, -554)
(11, 1559, -584)
(11, 158, -625)
(11, 847, -972)
(11, 2051, -663)
(11, 313, -718)
(11, 2329, -109)
(11, 612, 556)
(11, 1658, 418)
(11, 1023, -927)
(11, 516, -544)
(11, 159, -556)
(11, 2073, 800)
(11, 1019, -625)
(11, 844, -522)
(11, 1533, -278)
(11, 3932, -923)
(11, 335, -892)
(11, 34, -988)
(11, 1427, 1007)
(11, 2842, -578)
(11, 616, -2)
(11, 3661, -552)
(11, 311, -955)
(11, 1114, -990)
(11, 2686, -819)
(11, 1040, -148)
(11, 4247, -846)
(11, 2141, -631)
(11, 716, -620)
(11, 26, -889)
(11, 3635, -631)
(11, 2022, 336)
(11, 2309, -679)
(11, 1935, -833)
(11, 290, -995)
(11, 1821, -611)
(11, 685, -357)
(11, 4746, -927)
(11, 201, -985)
(11, 678, -928)
(11, 1149, 821)
(11, 221, -941)
(11, 1523, -934)
(11, 2270, -991)
(11, 70, -531)
(11, 2438, -789)
(11, 3808, -718)
(11, 3966, -601)
(11, 1417, 295)
(11, 1639, 135)
(11, 265, -861)
(11, 820, 905)
(11, 467, -574)
(11, 1033, 830)
(11, 763, -556)
(11, 1371, -817)
(11, 3235, -785)
(11, 1055, -65)
(11, 4565, -606)
(11, 871, -188)
(11, 669, -905)
(11, 414, -722)
(11, 2050, 538)
(11, 602, -789)
(11, 1878, 526)
(11, 3972, -892)
(11, 1469, 205)
(11, 1065, -601)
(11, 4387, 340)
(11, 1846, -909)
(11, 1652, -321)
(11, 1349, -606)
(11, 1399, -689)
(11, 1624, 112)
(11, 4108, -651)
(11, 438, -774)
(11, 775, -604)
(11, 2903, -822)
(11, 263, -167)
(11, 802, -642)
(11, 3918, -612)
(11, 1399, -843)
(11, 3206, -89)
(11, 655, -479)
(11, 4187, -983)
(11, 4311, -633)
(11, 1710, -878)
(11, 1307, -347)
(11, 689, 22)
(12, 2101, -935)
(12, 1955, 892)
(12, 3786, -596)
(12, 4152, 209)
(12, 1913, -708)
(14, 2373, 42)
(14, 1935, -792)
(14, 1243, -869)
(14, 875, -1016)
(14, 1107, 139)
(14, 194, -640)
(14, 922, -537)
(14, 2356, -644)
(14, 1081, -954)
(14, 521, -614)
(14, 423, 559)
(14, 57, 815)
(14, 790, 942)
(14, 911, -765)
(14, 1338, 1020)
(14, 1924, -829)
(14, 2061, -828)
(14, 1380, -848)
(14, 1558, -850)
(14, 225, -512)
(14, 426, -986)
(14, 1379, -725)
(14, 1642, -997)
(14, 1646, -651)
(14, 1872, -533)
(14, 2140, -568)
(14, 2150, -149)
(14, 2225, -1004)
(14, 1990, 37)
(14, 2336, 666)
(14, 1386, -972)
(14, 1090, 799)
(14, 70, 547)
(14, 119, -614)
(14, 852, -555)
(14, 1578, -813)
(14, 961, -993)
(14, 1752, -652)
(14, 181, 69)
(14, 2123, -383)
(14, 4530, 374)
(14, 4189, -1017)
(14, 1744, -941)
(14, 36, -1006)
(14, 2003, -546)
(14, 67, -579)
(14, 2407, -702)
(14, 4541, 50)
(14, 1876, -733)
(14, 838, -349)
(14, 2202, 846)
(14, 861, -885)
(14, 295, -605)
(14, 4326, -185)
(14, 2284, -780)
(14, 2306, -518)
(14, 2197, -610)
(14, 1521, -738)
(14, 948, -801)
(14, 236, -154)
(14, 573, -760)
(14, 1633, -715)
(14, 2139, -63)
(14, 1445, 761)
(14, 316, -931)
(14, 1784, 954)
(14, 733, -821)
(14, 426, -662)
(14, 184, 842)
(14, 1516, 934)
(14, 435, -11)
(14, 980, -730)
(14, 1605, -968)
(14, 962, -561)
(14, 2931, -908)
(14, 2282, 293)
(14, 2135, -193)
(14, 2081, 262)
(14, 1495, -789)
(14, 1247, 563)
(14, 1935, -624)
(14, 2474, 725)
(14, 897, -707)
(14, 532, 685)
(14, 2127, -880)
(14, 661, 66)
(14, 365, 676)
(14, 430, -541)
(14, 388, -544)
(14, 3982, -746)
(14, 1047, -470)
(14, 360, -1001)
(14, 2044, -240)
(14, 2359, -682)
(14, 47, -564)
(14, 4357, -427)
(14, 370, -939)
(14, 1305, 214)
(14, 1394, -635)
(14, 721, 895)
(14, 3514, -906)
(14, 1174, -523)
(14, 3425, 525)
(14, 1380, -551)
(14, 276, 92)
(14, 2079, 33)
(14, 2863, -936)
(14, 35, -807)
(14, 154, -579)
(14, 1744, -932)
(14, 1150, -644)
(14, 1426, -580)
(14, 1214, 733)
(14, 346, 588)
(14, 1412, -566)
(14, 2177, -650)
(14, 2037, -532)
(15, 1399, 277)
(15, 2163, 616)
(15, 3043, -881)
(15, 376, -581)
(15, 752, -975)
(15, 48, 398)
(15, 1885, -782)
(15, 109, -963)
(15, 1559, -750)
(15, 120, -900)
(15, 1003, -981)
(15, 1308, -524)
(15, 517, -867)
(15, 2285, -917)
(15, 2189, 563)
(15, 1073, -766)
(15, 3299, -722)
(15, 1692, -809)
(15, 267, -912)
(15, 274, 245)
(15, 2074, -536)
(15, 4689, 370)
(15, 734, -587)
(15, 892, -901)
(15, 1879, -583)
(15, 1947, -227)
(15, 2683, -605)
(15, 3374, 450)
(15, 146, -164)
(15, 1460, 284)
(15, 3038, -954)
(15, 1052, -746)
(15, 1213, -537)
(15, 79, 807)
(15, 2335, -569)
(15, 1363, -398)
(15, 3875, -927)
(15, 961, 545)
(15, 2129, -921)
(15, 2337, -757)
(15, 1831, 419)
(15, 1073, -595)
(15, 920, -548)
(15, 190, 95)
(15, 1760, -671)
(15, 4780, -393)
(15, 56, -61)
(15, 2469, -581)
(15, 291, -738)
(15, 4645, -578)
(15, 243, 852)
(15, 3661, -128)
(15, 1770, 724)
(15, 3800, -860)
(15, 1991, -117)
(15, 1711, 877)
(15, 2527, 370)
(15, 4286, 450)
(15, 693, -940)
(15, 4335, -774)
(15, 2749, 104)
(15, 1819, 95)
(15, 3378, 879)
(15, 698, -174)
(15, 723, 186)
(15, 631, 116)
(16, 130, 342)
(16, 2119, -250)
(16, 281, -523)
(16, 4530, -647)
(16, 1083, -29)
(16, 353, -469)
(16, 2145, -878)
(16, 541, 749)
(16, 1530, -564)
(16, 808, -731)
(16, 1015, -941)
(16, 1642, -620)
(16, 1199, 995)
(16, 1364, -185)
(16, 1270, 103)
(16, 3598, -953)
(16, 2035, -977)
(16, 4514, -816)
(16, 1639, -851)
(16, 2112, -575)
(16, 3070, -552)
(16, 3448, 640)
(16, 113, 659)
(16, 4199, -926)
(16, 1929, -644)
(16, 1476, -602)
(16, 801, 257)
(16, 1549, -796)
(16, 2745, -524)
(16, 1674, -458)
(16, 1874, -765)
(16, 358, -600)
(16, 4589, -783)
(16, 2333, -951)
(16, 2299, 377)
(16, 2337, 623)
(16, 17, -365)
(16, 496, -967)
(16, 478, 711)
(16, 686, -722)
(16, 459, -559)
(16, 3523, -627)
(16, 1724, -1003)
(16, 919, -715)
(16, 3167, 183)
(16, 1703, -249)
(16, 223, -762)
(16, 965, -1009)
(16, 289, -965)
(16, 617, -134)
(16, 746, -700)
(16, 2242, -876)
(16, 395, 24)
(16, 4016, -301)
(16, 233, -993)
(16, 4140, 397)
(16, 1207, -876)
(16, 98, 8)
(16, 284, -864)
(16, 4571, 122)
(16, 2060, -554)
(16, 2053, -240)
(16, 1635, 964)
(16, 3368, 724)
(16, 1714, -768)
(16, 45, -649)
(16, 3708, -711)
(16, 136, -253)
(16, 322, -663)
(16, 505, -907)
(16, 60, -995)
(16, 807, -831)
(16, 498, -941)
(16, 400, -761)
(16, 1539, -589)
(16, 1566, 480)
(16, 837, -552)
(16, 1092, -906)
(16, 363, -90)
(16, 570, 595)
(16, 2304, -603)
(16, 4384, 537)
(16, 985, -55)
(16, 173, -881)
(16, 3064, -670)
(16, 2580, -723)
(16, 2025, -745)
(16, 275, -116)
(16, 177, -798)
(16, 334, -722)
(16, 493, 425)
(16, 1775, -691)
(16, 2569, -910)
(16, 1523, 36)
(16, 141, 645)
(16, 2820, -790)
(16, 2124, -96)
(16, 1561, -642)
(16, 2074, 172)
(16, 286, -597)
(16, 2788, -787)
(16, 2223, 35)
(16, 4178, 362)
(16, 748, 185)
(16, 3626, -584)
(16, 1926, -700)
(16, 4758, 1005)
(16, 303, -776)
(16, 1272, -221)
(16, 3754, -645)
(16, 3360, 496)
(16, 2769, -408)
(16, 749, -846)
(16, 2043, -642)
(16, 3634, 398)
(16, 1905, -639)
(16, 1569, 866)
(16, 459, -862)
(16, 430, -957)
(16, 123, -1001)
(16, 1797, -678)
(16, 350, -970)
(16, 257, -93)
(16, 4223, -794)
(16, 3951, -803)
(16, 849, 385)
(16, 2133, -564)
(16, 907, 161)
(16, 930, -420)
(16, 611, -377)
(16, 94, 513)
(16, 1119, -380)
(16, 2911, -65)
(16, 1863, 327)
(16, 3465, -775)
(16, 811, -916)
(16, 1550, -552)
(16, 2086, -808)
(16, 3783, -1018)
(16, 365, -1003)
(16, 4504, 33)
(16, 1205, 820)
(17, 2746, -901)
(17, 3674, -575)
(17, 4386, -578)
(17, 1336, -999)
(17, 978, 504)
(17, 1268, -693)
(17, 4653, -650)
(17, 1590, 673)
(17, 3293, -554)
(17, 1210, 905)
(17, 2000, -799)
(17, 2159, 1022)
(17, 1029, -663)
(17, 4275, -214)
(17, 4793, -820)
(17, 2359, -930)
(17, 3975, -865)
(17, 2049, -621)
(17, 4168, -1020)
(17, 911, -714)
(17, 185, -590)
(17, 897, -823)
(17, 2404, -564)
(17, 1779, -218)
(17, 1406, 256)
(17, 3028, 607)
(17, 1221, 185)
(17, 256, -645)
(17, 2094, 900)
(17, 1796, 364)
(18, 1454, -859)
(18, 2217, -231)
(18, 2101, -646)
(18, 216, -717)
(18, 2298, -991)
(18, 4551, -671)
(18, 4598, 910)
(18, 3334, -723)
(18, 2397, -874)
(18, 4202, 243)
(18, 3745, -616)
(18, 1363, -830)
(18, 1638, -396)
(18, 576, -730)
(18, 1156, -559)
(18, 56, 40)
(18, 15, 156)
(18, 2588, -363)
(18, 189, -914)
(18, 2498, -516)
(18, 4491, -854)
(18, 1328, -509)
(18, 2216, -676)
(18, 2270, 700)
(18, 1931, 59)
(18, 1322, -818)
(18, 2614, -659)
(18, 2954, -648)
(18, 1781, -590)
(18, 885, -697)
(18, 1198, -1010)
(18, 1170, -529)
(18, 3325, 386)
(18, 3796, -930)
(18, 2654, 619)
(18, 2192, 470)
(18, 2827, -920)
(18, 1431, -546)
(18, 3846, -199)
(18, 732, -676)
(18, 451, 137)
(18, 2041, -96)
(18, 2367, -990)
(18, 1052, -587)
(18, 2343, -681)
(18, 4133, -513)
(18, 1077, 144)
(18, 2055, -809)
(18, 2133, -768)
(18, 187, 850)
(18, 1453, -700)
(18, 77, -526)
(18, 2898, -213)
(18, 1901, -672)
(18, 1385, 758)
(18, 636, -889)
(18, 1061, -830)
(18, 1485, -197)
(18, 50, 727)
(18, 1342, -585)
(18, 3384, 469)
(18, 1547, 968)
(18, 1826, 948)
(18, 3591, -834)
(18, 1940, -654)
(18, 3065, -789)
(18, 2531, -346)
(18, 1861, -756)
(18, 600, -989)
(18, 4550, -629)
(18, 62, -835)
(18, 4540, 556)
(18, 1975, 456)
(18, 525, -38)
(18, 1242, -853)
(18, 147, 436)
(18, 4743, -602)
(18, 1885, 911)
(18, 4167, -858)
(18, 1477, -935)
(18, 1121, -711)
(18, 2352, -743)
(18, 3829, -677)
(18, 1186, -929)
(18, 879, -834)
(18, 1145, -579)
(18, 1660, -763)
(18, 3220, -331)
(18, 286, 990)
(18, 3377, -179)
(18, 1620, -260)
(18, 2147, 374)
(18, 1989, -847)
(18, 2446, -808)
(18, 1474, 61)
(18, 545, -822)
(18, 3009, -110)
(18, 4058, -666)
(18, 127, -802)
(18, 801, 470)
(18, 2643, -959)
(18, 1528, 497)
(18, 1747, -828)
(18, 1303, 364)
(18, 70, -43)
(18, 2549, -813)
(18, 702, -551)
(18, 2119, -568)
(18, 2118, -159)
(18, 418, 264)
(18, 1938, 275)
(18, 3069, -805)
(18, 1219, 774)
(18, 653, 701)
(18, 2305, -300)
(18, 1350, -513)
(18, 561, -911)
(18, 1913, -696)
(18, 29, -692)
(18, 4722, 849)
(18, 473, 842)
(18, 165, -817)
(18, 4499, -981)
(18, 2112, -674)
(18, 1069, -644)
(18, 916, -1003)
(18, 219, -788)
(18, 1445, 330)
(18, 142, -452)
(18, 501, 804)
(18, 968, -971)
(18, 4, -695)
(18, 432, 531)
(18, 1955, -630)
(18, 4148, -649)
(18, 1299, 1005)
(18, 1638, -36)
(18, 3924, 156)
(18, 1247, -1006)
(18, 834, 1004)
(18, 3762, -929)
(18, 3002, -961)
(18, 397, -462)
(18, 2034, -906)
(18, 1346, -901)
(18, 2771, -708)
(18, 642, 978)
(18, 700, 91)
(18, 188, -675)
(18, 1579, -863)
(18, 3951, -463)
(18, 1685, -798)
(18, 894, -120)
(18, 578, -538)
(18, 1053, -83)
(18, 1981, 102)
(18, 1329, -683)
(18, 2404, -640)
(18, 2311, -523)
(18, 1216, -57)
(18, 2024, -788)
(18, 1997, 496)
(18, 2024, -964)
(18, 1565, -678)
(18, 4332, 191)
(18, 3351, -581)
(18, 787, -579)
(18, 566, 622)
(18, 4113, -556)
(18, 594, -4)
(18, 884, -660)
(18, 2314, -909)
(18, 4039, -228)
(18, 225, 272)
(18, 4351, -665)
(18, 4573, -844)
(18, 4766, -721)
(18, 261, -863)
(18, 1578, -342)
(18, 1710, -1010)
(18, 3753, 683)
(18, 1532, 290)
(18, 1580, -990)
(18, 1445, 476)
(18, 867, 128)
(18, 1117, -31)
(18, 1075, -865)
(18, 13, -636)
(18, 1891, 559)
(18, 1741, -90)
(18, 1308, -930)
(18, 1828, -734)
(18, 1923, -989)
(19, 417, -888)
(19, 4243, -141)
(19, 3546, -617)
(19, 1828, -264)
(19, 446, -622)
(19, 1491, -438)
(19, 2119, -1008)
(19, 668, -811)
(19, 919, -389)
(19, 1890, -909)
(19, 210, -712)
(19, 1441, 294)
(19, 2016, -553)
(19, 746, 800)
(19, 21, -612)
(19, 3093, 728)
(19, 1946, 455)
(19, 822, -673)
(19, 780, -672)
(19, 4567, -900)
(19, 248, -826)
(19, 162, 10)
(19, 3368, -954)
(19, 1287, -972)
(19, 1872, -624)
(19, 1324, -714)
(19, 1687, -223)
(19, 1477, 479)
(19, 758, -654)
(19, 1563, -640)
(19, 620, 229)
(19, 2970, -553)
(19, 1440, -647)
(19, 2389, -695)
(19, 848, -811)
(19, 509, -597)
(19, 1095, -940)
(19, 2865, -542)
(19, 1293, -111)
(19, 1504, -775)
(19, 724, 1020)
(19, 4781, 528)
(19, 3257, -958)
(19, 801, 298)
(19, 2649, 204)
(19, 2316, -683)
(19, 1380, -802)
(19, 784, -912)
(19, 741, 620)
(19, 2446, -51)
(19, 649, 510)
(19, 1813, 814)
(19, 1070, -1007)
(19, 3482, -51)
(19, 410, -730)
(19, 1045, -526)
(19, 2047, -429)
(19, 1737, -829)
(19, 4524, -825)
(19, 691, -867)
(19, 440, -558)
(19, 2350, -819)
(19, 2130, -807)
(19, 832, -623)
(19, 2341, -300)
(19, 429, -254)
(19, 530, 560)
(19, 2319, 511)
(19, 925, -943)
(19, 528, -859)
(19, 2656, -637)
(19, 4206, -988)
(19, 1387, -244)
(19, 456, 86)
(19, 4106, -81)
(19, 1153, -895)
(19, 3150, -795)
(19, 2093, -880)
(19, 628, -82)
(19, 2113, -717)
(19, 4583, -970)
(19, 1151, -531)
(19, 1235, 58)
(19, 70, -1012)
(19, 1764, 949)
(19, 3850, -848)
(19, 1091, -693)
(19, 1193, -755)
(19, 1796, 762)
(19, 3041, -278)
(19, 2330, -886)
(19, 2066, -960)
(19, 2157, -634)
(19, 4215, -495)
(19, 2079, -765)
(19, 1211, -593)
(19, 1077, 1001)
(19, 466, -751)
(19, 1130, 452)
(19, 3421, -742)
(19, 388, -719)
(19, 1849, -766)
(19, 4633, 362)
(19, 606, -796)
(19, 467, 180)
(19, 3119, -979)
(19, 1001, -923)
(19, 311, -673)
(19, 2920, 764)
(19, 1384, -848)
(19, 2322, 111)
(19, 866, 806)
(19, 3724, -965)
(19, 2314, -609)
(19, 1093, 426)
(19, 3741, -626)
(19, 1075, -781)
(19, 195, -529)
(19, 327, -668)
(19, 720, -126)
(19, 2324, -716)
(19, 868, -833)
(19, 3731, -790)
(19, 2296, 975)
(19, 1076, -884)
(19, 1174, -156)
(19, 144, 425)
(19, 1494, -971)
(19, 4003, -925)
(19, 748, -643)
(19, 932, -923)
(19, 445, -1010)
(19, 3806, -968)
(19, 4316, -962)
(19, 2828, -286)
(19, 73, -660)
(19, 678, -270)
(19, 2, 338)
(19, 927, 816)
(19, 3214, -146)
(19, 4285, -603)
(19, 1945, -815)
(19, 4773, -576)
(19, 2339, -43)
(19, 1803, 445)
(19, 157, -936)
(19, 633, 809)
(19, 377, -581)
(19, 2620, 875)
(19, 1295, -937)
(19, 4601, -718)
(19, 3183, -888)
(19, 4041, -968)
(19, 1970, -305)
(19, 1821, -432)
(19, 1047, -935)
(19, 4134, 502)
(19, 988, 785)
(19, 1870, -541)
(19, 1973, 576)
(19, 2629, -946)
(19, 1286, 395)
(19, 2082, -674)
(19, 590, -1012)
(19, 1224, 12)
(19, 3505, -380)
(19, 3924, -536)
(19, 365, -15)
(19, 981, -104)
(19, 3820, -783)
(19, 2356, 8)
(19, 130, -984)
(19, 2800, -892)
(19, 1620, -940)
(19, 494, -556)
(19, 2161, -930)
(19, 384, -555)
(19, 1519, -615)
(19, 512, -927)
(19, 3242, -880)
(19, 1502, 309)
(19, 489, -881)
(19, 4422, 515)
(19, 143, -869)
(19, 2245, 52)
(19, 2801, -653)
(19, 208, 477)
(19, 4789, -649)
(19, 199, -585)
(20, 1878, -637)
(20, 1896, -963)
(20, 591, 749)
(20, 1359, -613)
(20, 320, -352)
(20, 978, -679)
(20, 997, -866)
(20, 678, -529)
(20, 1309, -712)
(20, 894, -428)
(20, 1573, -680)
(20, 3696, 396)
(20, 3746, 245)
(20, 2121, 384)
(20, 699, -198)
(20, 3960, -1009)
(20, 1625, -993)
(20, 290, -534)
(20, 2139, -937)
(20, 2232, -659)
(20, 4281, -682)
(20, 1806, -907)
(20, 1764, -594)
(20, 4185, 45)
(20, 4630, -81)
(20, 1715, -542)
(20, 2078, -736)
(20, 1136, -570)
(20, 4408, -987)
(20, 4748, -716)
(20, 395, 172)
(20, 943, -675)
(21, 2140, -555)
(21, 2542, -67)
(21, 2391, -609)
(21, 2610, -767)
(21, 2009, -628)
(21, 1415, 707)
(21, 3840, -794)
(21, 191, -674)
(21, 483, -598)
(21, 627, 1014)
(21, 544, 756)
(21, 296, 264)
(21, 1248, -998)
(21, 1255, -897)
(21, 589, 1006)
(21, 1276, -864)
(21, 3678, 267)
(21, 1335, -779)
(21, 548, -998)
(21, 14, -732)
(21, 2588, -804)
(21, 3568, -970)
(21, 1848, 86)
(21, 1418, -778)
(21, 1673, -562)
(21, 2132, -975)
(21, 239, -808)
(21, 2067, -1013)
(21, 1879, -370)
(21, 907, -606)
(21, 1372, -642)
(22, 1562, -987)
(22, 654, 252)
(22, 1995, -739)
(22, 3860, -658)
(22, 1346, 732)
(22, 736, -268)
(22, 4793, 904)
(22, 762, 34)
(22, 726, -600)
(22, 1544, 893)
(22, 413, -765)
(22, 3829, 649)
(22, 1912, -959)
(22, 1192, -969)
(22, 2014, -245)
(22, 1786, -710)
(22, 2736, -882)
(22, 2533, 696)
(22, 651, -895)
(22, 4592, -714)
(22, 2179, 94)
(22, 957, -691)
(22, 1953, -1003)
(22, 2915, -760)
(22, 1528, -874)
(22, 2331, 746)
(22, 3828, -628)
(22, 1814, -567)
(22, 2094, -675)
(22, 1392, 791)
(23, 551, -875)
(23, 977, -799)
(23, 1866, -504)
(23, 4480, -641)
(23, 1517, -1009)
(23, 4400, 863)
(23, 2368, -184)
(23, 828, -515)
(23, 2155, -871)
(23, 1208, -659)
(23, 1855, -848)
(23, 2090, -542)
(24, 3108, -844)
(24, 1398, -393)
(24, 3639, 204)
(24, 779, -796)
(24, 1983, -604)
(24, 4767, -811)
(24, 4640, -549)
(24, 1001, 655)
(24, 1078, -785)
(24, 3603, -946)
(24, 3920, -927)
(24, 4002, 396)
(24, 4123, -879)
(24, 4399, -746)
(24, 1286, -200)
(24, 842, -521)
(24, 4212, 648)
(24, 759, -924)
(24, 276, -1004)
(24, 238, -194)
(24, 2682, -676)
(24, 911, -785)
(24, 4495, 107)
(24, 1580, 806)
(24, 1914, -988)
(24, 2396, 790)
(24, 2113, 481)
(24, 1729, -953)
(24, 728, -614)
(24, 1465, -583)
(24, 921, -723)
(24, 4229, -666)
(24, 1657, 547)
(24, 1050, -834)
(24, 1342, -958)
(24, 1619, -950)
(24, 1072, 976)
(24, 799, 651)
(24, 613, -73)
(24, 322, -277)
(24, 693, -742)
(24, 8, 63)
(24, 1227, 591)
(24, 1205, 956)
(24, 2182, -805)
(24, 1475, -597)
(24, 1533, -852)
(24, 2102, -1009)
(24, 4033, -307)
(24, 515, -41)
(24, 1550, -841)
(24, 4071, 372)
(24, 1082, 881)
(24, 1004, 473)
(24, 3583, -130)
(24, 1077, 24)
(24, 1440, 65)
(24, 739, -908)
(24, 528, 168)
(24, 1824, -976)
(24, 1373, -867)
(24, 1827, 901)
(24, 1526, 51)
(24, 1346, -849)
(24, 18, -626)
(24, 2184, -804)
(24, 1251, -654)
(24, 1282, -895)
(24, 1298, -821)
(24, 1510, 679)
(24, 1219, -866)
(24, 1956, -547)
(24, 459, 366)
(24, 888, -603)
(24, 2089, -435)
(24, 880, -489)
(24, 536, -802)
(24, 2303, -662)
(24, 1554, -786)
(24, 4726, 386)
(24, 3861, 876)
(24, 1170, -881)
(24, 740, -945)
(24, 3763, -555)
(24, 2029, -704)
(24, 682, -582)
(24, 746, -616)
(24, 1161, -552)
(24, 1566, 159)
(24, 272, 310)
(24, 1602, 506)
(24, 106, -833)
(24, 1391, 439)
(24, 1325, 695)
(24, 2099, 524)
(24, 1267, -904)
(24, 781, -676)
(24, 67, 776)
(24, 1678, -666)
(24, 1434, -976)
(24, 154, 458)
(24, 2899, -866)
(24, 3906, -652)
(24, 4209, -889)
(24, 2144, -935)
(24, 45, -757)
(24, 971, -937)
(24, 457, 982)
(24, 2015, -643)
(24, 374, -208)
(24, 1008, 337)
(24, 2039, 116)
(24, 1149, -961)
(24, 128, -894)
(24, 946, -590)
(24, 897, -1023)
(24, 2026, -688)
(24, 2028, 69)
(24, 2351, -438)
(24, 1308, -554)
(24, 115, -916)
(24, 674, -890)
(24, 4681, 939)
(24, 917, 773)
(24, 3473, 915)
(24, 993, 43)
(24, 1174, -645)
(24, 526, -940)
(24, 1854, -117)
(24, 907, 348)
(24, 2382, 29)
(24, 2336, -670)
(24, 4234, -622)
(24, 975, -875)
(24, 236, -866)
(24, 2012, 144)
(24, 1897, -960)
(24, 1337, -858)
(24, 1739, -690)
(24, 4252, -901)
(24, 971, -524)
(24, 2672, -380)
(24, 1315, -896)
(24, 1854, -35)
(24, 313, -889)
(24, 22, -294)
(24, 2007, 181)
(24, 804, -1002)
(24, 714, -858)
(24, 1188, 1015)
(24, 1577, 201)
(24, 1618, -891)
(24, 1947, 380)
(26, 1031, -14)
(26, 2363, -967)
(26, 822, -777)
(26, 507, -808)
(26, 2365, -323)
(26, 63, -26)
(26, 1299, -941)
(26, 163, -726)
(26, 1589, -677)
(26, 4172, -85)
(26, 49, 919)
(26, 525, -216)
(26, 308, -939)
(26, 2033, -184)
(26, 3076, -972)
(26, 2093, -982)
(26, 1227, -772)
(26, 410, -583)
(26, 59, -930)
(26, 1014, -127)
(26, 176, 580)
(26, 219, -885)
(26, 4012, -930)
(26, 744, -862)
(26, 298, -906)
(26, 1189, -711)
(26, 3644, -660)
(26, 1310, -645)
(26, 1716, -736)
(26, 1883, -732)
(26, 724, 732)
(26, 1399, -959)
(26, 931, -540)
(26, 4612, -641)
(26, 1201, 344)
(26, 426, -105)
(26, 1572, 235)
(26, 1415, -785)
(26, 1285, -707)
(26, 1109, -825)
(26, 2558, -930)
(26, 1948, -528)
(26, 674, -561)
(26, 1514, -718)
(26, 4658, -565)
(26, 2798, -527)
(26, 577, -543)
(26, 336, -342)
(26, 759, 44)
(26, 4400, -702)
(26, 3348, -951)
(26, 2367, 896)
(26, 3317, 86)
(26, 3914, -815)
(26, 4721, -797)
(26, 2897, -957)
(26, 2243, -917)
(26, 948, -827)
(26, 1504, -81)
(26, 998, 598)
(26, 4596, -119)
(26, 3586, -708)
(26, 960, -802)
(26, 1828, 446)
(26, 4541, -881)
(26, 2330, 376)
(26, 3165, -590)
(26, 477, -558)
(26, 734, -733)
(26, 1492, -575)
(26, 1375, -469)
(26, 1938, -516)
(26, 4311, -881)
(26, 1303, -993)
(26, 745, -855)
(26, 1346, -953)
(26, 2251, -770)
(26, 1744, -439)
(26, 1268, -756)
(26, 4417, 823)
(26, 4206, -576)
(26, 298, 158)
(26, 2835, -727)
(26, 4483, -953)
(26, 2026, -980)
(26, 3748, -894)
(26, 2122, 886)
(26, 17, -560)
(26, 289, -550)
(26, 2879, -373)
(26, 956, -477)
(26, 1953, -1007)
(26, 1051, -676)
(26, 732, -949)
(26, 4087, 802)
(26, 1472, 199)
(26, 450, 652)
(26, 2345, -520)
(27, 1705, 291)
(27, 1860, -890)
(27, 1346, 669)
(27, 1166, 563)
(27, 1867, -660)
(27, 647, -502)
(27, 2147, -732)
(27, 273, -573)
(27, 4293, -411)
(27, 2391, -546)
(27, 439, -652)
(27, 605, -806)
(27, 930, -1015)
(27, 4375, 954)
(27, 1319, -985)
(27, 4300, -376)
(27, 4170, -965)
(27, 254, 505)
(27, 554, -785)
(27, 307, -725)
(27, 1685, -607)
(27, 52, 1021)
(27, 2023, 680)
(27, 3173, -869)
(27, 1681, -19)
(27, 162, -731)
(27, 2852, 564)
(27, 1122, -686)
(27, 696, -628)
(27, 1326, -737)
(27, 532, -561)
(27, 3997, 310)
(27, 553, -819)
(27, 482, -641)
(27, 1868, -1004)
(27, 2497, -568)
(27, 4588, -1013)
(27, 1360, -1014)
(27, 633, -811)
(27, 1292, 104)
(27, 873, -996)
(27, 352, -840)
(27, 3312, -632)
(27, 1987, 504)
(27, 1927, 1004)
(27, 1926, -84)
(27, 964, -88)
(27, 3774, -875)
(27, 76, -174)
(27, 3307, 534)
(27, 554, -231)
(27, 2324, 613)
(27, 1795, -648)
(27, 1447, -945)
(27, 5, 783)
(27, 4043, 940)
(27, 707, 118)
(27, 2272, -603)
(27, 2112, 320)
(27, 4204, -985)
(27, 2209, -383)
(27, 3655, -742)
(27, 1710, -538)
(27, 909, 1005)
(27, 1116, -1007)
(27, 3939, 699)
(27, 233, 170)
(27, 3555, -880)
(27, 1474, -89)
(27, 1379, -916)
(27, 831, -602)
(27, 232, 184)
(27, 4279, 116)
(27, 4270, -1001)
(27, 1466, -809)
(27, 661, -920)
(27, 3715, -981)
(27, 1930, 880)
(27, 1954, -927)
(27, 2803, -921)
(27, 1580, -674)
(27, 1934, 170)
(27, 3609, -515)
(27, 803, -934)
(27, 1841, 150)
(27, 389, -823)
(27, 262, -581)
(27, 913, -700)
(27, 55, -869)
(27, 1814, -525)
(27, 1474, -1004)
(27, 666, -745)
(27, 4342, -679)
(27, 1654, 441)
(28, 1184, -868)
(28, 1762, -933)
(28, 3076, -865)
(28, 4340, -893)
(28, 1381, 567)
(28, 26, 60)
(28, 17, -995)
(28, 274, -869)
(28, 2038, -696)
(28, 3716, -304)
(28, 1473, -578)
(28, 1503, 591)
(28, 2508, -753)
(28, 1917, 782)
(28, 752, 394)
(28, 289, -889)
(28, 354, 611)
(28, 1077, -593)
(28, 636, -804)
(28, 489, -325)
(28, 1797, -1011)
(28, 383, -490)
(28, 182, 800)
(28, 1310, -676)
(28, 1532, -577)
(28, 4346, -545)
(28, 2892, 877)
(28, 607, -815)
(28, 4422, -826)
(28, 1154, -651)
(28, 1260, 869)
(28, 839, -923)
(28, 2657, -780)
(28, 818, -538)
(28, 4427, -653)
(28, 1751, -796)
(28, 1860, 334)
(28, 1359, 469)
(28, 918, -818)
(28, 459, -195)
(28, 2021, -539)
(28, 312, -361)
(28, 623, -570)
(28, 9, -327)
(28, 2538, -782)
(28, 609, -1012)
(28, 219, -153)
(28, 675, -749)
(28, 1177, 680)
(28, 1871, -897)
(28, 784, 281)
(28, 2108, 285)
(28, 2886, 316)
(28, 2300, -744)
(28, 1045, 495)
(28, 2180, -629)
(28, 126, 1016)
(28, 978, -212)
(28, 711, 411)
(28, 219, 490)
(28, 3427, -186)
(28, 1248, -520)
(28, 795, -725)
(28, 1427, -855)
(28, 1619, 930)
(28, 2794, -208)
(28, 1177, -316)
(29, 2017, -884)
(29, 243, -189)
(29, 452, 308)
(29, 1619, 621)
(29, 1499, -994)
(29, 1587, -430)
(29, 884, -606)
(29, 1788, 628)
(29, 697, -11)
(29, 3088, -557)
(29, 980, -860)
(29, 622, -733)
(29, 1015, -453)
(29, 2377, 36)
(29, 84, -731)
(29, 52, -900)
(29, 838, -940)
(29, 3989, -535)
(29, 1879, 239)
(29, 1552, -292)
(29, 2118, -968)
(29, 976, -229)
(29, 836, 9)
(29, 2257, -807)
(29, 1191, -1015)
(29, 327, -580)
(29, 3763, -968)
(29, 1278, -732)
(29, 261, 903)
(29, 1850, -676)
(29, 159, -910)
(29, 1122, -916)
(29, 1749, -578)
(29, 3448, 255)
(29, 1944, -792)
(29, 259, -657)
(29, 3806, -654)
(29, 970, 775)
(29, 851, 516)
(29, 1669, -481)
(29, 3207, -719)
(29, 2, -758)
(29, 462, -757)
(29, 2107, 555)
(29, 1592, -831)
(29, 3213, -706)
(29, 4386, -773)
(29, 3425, -685)
(29, 1110, -572)
(29, 2650, -905)
(29, 328, -850)
(29, 2632, 175)
(29, 2963, -589)
(29, 629, -822)
(29, 37, -350)
(29, 2639, -742)
(29, 1592, -1007)
(29, 68, 976)
(29, 1873, -685)
(29, 1594, -655)
(29, 43, -706)
(29, 905, -600)
(29, 4727, -770)
(29, 2369, -794)
(29, 382, 338)
(29, 525, 548)
(29, 1452, -770)
(29, 2291, -664)
(29, 2573, -924)
(29, 4028, -108)
(29, 3791, 697)
(29, 1929, -631)
(29, 3314, -801)
(29, 2325, -610)
(29, 1961, 790)
(29, 1654, -878)
(29, 1144, -697)
(29, 1674, -915)
(29, 1917, 264)
(29, 865, -560)
(29, 1862, 723)
(29, 525, 758)
(29, 2651, -617)
(29, 580, -729)
(29, 1870, -548)
(29, 1589, 362)
(29, 287, -1021)
(29, 1815, -993)
(29, 4190, -1013)
(29, 992, -1022)
(29, 2206, -531)
(29, 1061, -832)
(29, 3695, -778)
(29, 547, -809)
(29, 1742, -905)
(29, 1196, -691)
(29, 2028, -719)
(29, 1164, 606)
(29, 2352, -937)
(29, 875, 637)
(29, 2474, 421)
(29, 1939, -776)
(29, 816, -617)
(29, 2346, -612)
(29, 1576, -115)
(29, 3408, -817)
(29, 350, -691)
(29, 2309, -531)
(29, 4473, -795)
(29, 555, -797)
(29, 2384, 363)
(29, 4283, -1000)
(29, 1340, -777)
(29, 4090, -943)
(29, 1583, 725)
(29, 1276, -947)
(29, 1711, -830)
(29, 2118, -928)
(29, 1077, -539)
(29, 1263, 437)
(29, 978, 139)
(29, 2156, -37)
(29, 2298, -670)
(29, 1519, -669)
(29, 1948, 576)
(29, 1607, -530)
(29, 4432, -898)
(29, 1295, 587)
(30, 502, 543)
(30, 805, -1000)
(30, 2203, -886)
(30, 404, 138)
(30, 1239, 354)
(30, 4623, -544)
(30, 33, -800)
(30, 99, -562)
(30, 4335, 809)
(30, 490, 32)
(30, 397, -613)
(30, 329, -190)
(30, 796, -873)
(30, 1035, -748)
(30, 661, -946)
(30, 407, -202)
(30, 782, 454)
(30, 2818, -425)
(30, 167, 527)
(30, 262, -487)
(30, 2863, -830)
(30, 3036, -255)
(30, 40, -818)
(30, 4180, -887)
(30, 713, -653)
(30, 1403, -958)
(30, 1332, -601)
(30, 29, -648)
(30, 4204, -700)
(30, 1370, 309)
(30, 2676, -786)
(30, 945, -640)
(30, 3204, -764)
(30, 311, 705)
(30, 483, -48)
(30, 4257, -867)
(30, 977, -707)
(30, 629, 378)
(30, 1856, -666)
(30, 609, -337)
(30, 1132, 268)
(30, 200, 695)
(30, 895, -555)
(30, 2488, -512)
(30, 3333, -792)
(30, 815, 584)
(30, 2010, 985)
(30, 199, -195)
(30, 1746, -713)
(30, 3890, -527)
(30, 1692, -937)
