rows=4795
cols=9302
(0, 4446, -609)
(0, 5837, -1017)
(0, 3913, 558)
(0, 4326, 1016)
(0, 5605, -587)
(0, 8535, -7)
(0, 865, -778)
(0, 3383, -361)
(0, 3697, -775)
(0, 3629, 61)
(0, 1415, 920)
(0, 856, -763)
(0, 456, -899)
(0, 245, -874)
(0, 373, 752)
(0, 3376, -868)
(0, 5688, -334)
(0, 2864, -968)
(0, 1849, -646)
(0, 633, 735)
(0, 5829, -827)
(0, 2082, -830)
(0, 3172, -726)
(0, 4005, -203)
(0, 3779, -984)
(0, 970, -582)
(0, 5538, 545)
(0, 973, -973)
(0, 634, -119)
(0, 3790, 944)
(0, 461, -860)
(0, 6420, -515)
(0, 5451, 737)
(0, 1717, -611)
(0, 345, 828)
(0, 4341, -724)
(0, 3887, -634)
(0, 3232, 632)
(0, 2456, -942)
(0, 1663, -817)
(0, 1331, 130)
(0, 5449, -689)
(0, 3928, 829)
(0, 4814, 783)
(0, 4877, -952)
(0, 2206, 941)
(0, 4068, -657)
(0, 1589, -267)
(0, 6802, -758)
(0, 6113, -720)
(0, 936, -878)
(0, 4434, -860)
(0, 2696, 775)
(0, 2586, -972)
(0, 169, -822)
(0, 5769, 319)
(0, 4049, -1006)
(0, 452, -897)
(0, 5671, -158)
(0, 528, -960)
(0, 4686, -835)
(0, 8478, -754)
(0, 7862, -380)
(0, 4555, -107)
(0, 2776, -911)
(0, 2654, -907)
(0, 2280, -534)
(0, 3869, 628)
(0, 6969, 608)
(0, 3012, -871)
(0, 5912, -1008)
(0, 328, -804)
(0, 8974, 150)
(0, 1232, -316)
(0, 8508, -617)
(0, 5478, -655)
(0, 3973, -1010)
(0, 2565, 222)
(0, 3209, -675)
(0, 1996, -741)
(0, 2791, -868)
(0, 3603, 32)
(0, 8209, -1021)
(0, 8575, -755)
(0, 2085, 740)
(0, 3956, -965)
(0, 69, -830)
(0, 661, -827)
(0, 7892, 950)
(0, 3910, -828)
(0, 822, -524)
(0, 2477, -704)
(0, 2302, 384)
(0, 8964, -848)
(0, 2171, -416)
(0, 811, 941)
(0, 4003, -337)
(2, 4013, -662)
(2, 2777, -112)
(2, 7645, -940)
(2, 1661, 759)
(2, 3585, 220)
(2, 9113, -633)
(2, 2758, -838)
(2, 3023, 1022)
(2, 1711, 613)
(2, 905, -587)
(2, 4133, -761)
(2, 2336, 136)
(2, 8779, -901)
(2, 6628, -690)
(2, 6601, -959)
(2, 5278, -117)
(2, 6513, -1009)
(2, 2009, -512)
(2, 1141, -739)
(2, 9089, -982)
(2, 859, -50)
(2, 79, -707)
(2, 8498, -608)
(2, 4656, -991)
(2, 2277, -997)
(2, 7528, -1016)
(2, 847, -1003)
(2, 5315, -973)
(2, 4409, 97)
(2, 6975, -971)
(2, 4367, 913)
(2, 3509, -742)
(2, 2825, -514)
(3, 4387, 857)
(3, 1407, -946)
(3, 3863, -688)
(3, 1215, -550)
(3, 4361, -714)
(3, 2825, -223)
(3, 6463, 395)
(3, 3692, 44)
(3, 1141, 581)
(3, 398, 728)
(3, 2785, 635)
(3, 3514, -742)
(3, 7874, -244)
(3, 3404, -736)
(3, 3456, -797)
(3, 316, -574)
(3, 4019, 175)
(3, 5914, 201)
(3, 3658, -138)
(3, 2653, -548)
(3, 4457, -919)
(3, 3123, -899)
(3, 2796, -231)
(3, 3707, 186)
(3, 6412, -44)
(3, 4139, -762)
(3, 512, -89)
(3, 1385, -964)
(3, 7705, -470)
(3, 528, -963)
(3, 2383, -955)
(3, 2455, 294)
(3, 2092, -716)
(3, 2621, -667)
(3, 805, -954)
(3, 1904, -974)
(3, 8372, -324)
(3, 5967, -125)
(3, 626, -907)
(3, 2589, 954)
(3, 2912, -928)
(3, 3354, -675)
(3, 3780, -139)
(3, 654, -176)
(3, 4104, -519)
(3, 2066, -640)
(3, 3711, 1009)
(3, 4502, 345)
(3, 8689, 447)
(3, 1959, 812)
(3, 5986, -825)
(3, 6286, -666)
(3, 2098, -836)
(3, 6311, 474)
(3, 6033, -838)
(3, 2742, -682)
(3, 2776, -684)
(3, 2598, -919)
(3, 1405, -932)
(3, 3717, 821)
(3, 5899, 460)
(3, 2879, -843)
(3, 2843, -990)
(3, 2119, 757)
(3, 3911, -620)
(3, 1315, 254)
(3, 7103, 984)
(3, 8491, -920)
(3, 717, -88)
(3, 5871, 349)
(3, 2173, -906)
(3, 3488, -806)
(3, 1727, -744)
(4, 495, -652)
(4, 4628, -974)
(4, 3098, -363)
(4, 3978, -706)
(4, 1968, -606)
(4, 5433, -829)
(4, 2873, -861)
(4, 8199, -785)
(4, 1346, -804)
(4, 851, -596)
(4, 1533, -983)
(4, 431, 590)
(4, 771, -1013)
(4, 1174, -883)
(4, 7377, -13)
(4, 3320, -575)
(4, 3273, -733)
(4, 3668, -1015)
(4, 351, -860)
(4, 1247, -764)
(4, 159, 433)
(4, 5117, -1000)
(4, 3780, 211)
(4, 1239, -409)
(4, 160, -1015)
(4, 3553, -676)
(4, 2369, -417)
(4, 3605, 320)
(4, 2783, -838)
(4, 5731, 31)
(4, 1556, -595)
(4, 8032, -925)
(4, 4037, -701)
(4, 3972, -613)
(4, 500, -1016)
(4, 2326, -352)
(4, 3195, -990)
(4, 4213, -846)
(4, 167, -873)
(4, 9125, -648)
(4, 1064, -637)
(5, 2078, -754)
(5, 2499, -935)
(5, 2639, -213)
(5, 4069, -579)
(5, 9051, -346)
(5, 1121, -1014)
(5, 1396, -311)
(5, 3204, -783)
(5, 4503, -650)
(5, 5445, -897)
(5, 5516, -743)
(5, 3079, 536)
(5, 1185, -890)
(5, 2104, -574)
(5, 4129, -887)
(5, 7925, -523)
(5, 1978, 459)
(5, 841, -837)
(5, 5325, -644)
(5, 8449, -1004)
(5, 4596, -916)
(5, 2804, -324)
(5, 2878, -737)
(5, 3929, -659)
(5, 819, -971)
(5, 1873, -627)
(5, 5267, 519)
(5, 6654, -985)
(5, 2526, -264)
(5, 4408, -273)
(5, 8837, -1002)
(5, 3006, -967)
(5, 3288, -667)
(5, 2479, -688)
(5, 913, -618)
(5, 2876, -774)
(5, 8140, -945)
(5, 8661, -890)
(5, 1056, -644)
(5, 4058, -674)
(5, 8090, -505)
(5, 7957, -746)
(5, 1579, -982)
(5, 1216, 502)
(5, 3130, -831)
(5, 1971, -661)
(5, 2499, -263)
(5, 7525, -614)
(5, 1683, 203)
(5, 9005, -946)
(5, 1814, -773)
(5, 636, -162)
(5, 5775, 871)
(5, 144, -888)
(5, 4133, -574)
(5, 5040, -820)
(5, 1531, 612)
(5, 5309, -984)
(5, 4182, -501)
(5, 178, 787)
(5, 8424, -629)
(5, 4168, 714)
(5, 3157, -997)
(5, 5545, -397)
(5, 7035, -440)
(5, 3569, -668)
(5, 4229, -943)
(5, 3666, -789)
(5, 7048, -685)
(5, 661, -540)
(5, 2532, -822)
(5, 5586, -809)
(5, 6157, -873)
(5, 3937, -733)
(5, 7628, -673)
(5, 579, -229)
(5, 213, 795)
(5, 4859, -518)
(5, 4521, -16)
(5, 2386, -594)
(5, 1725, -587)
(5, 8940, -852)
(6, 8789, 383)
(6, 7135, -996)
(6, 8105, -881)
(6, 2469, -45)
(6, 765, 36)
(6, 3507, 161)
(6, 3898, -859)
(6, 3912, 913)
(6, 3632, 714)
(6, 2663, 77)
(6, 6111, -516)
(6, 2293, -524)
(6, 5122, 265)
(6, 2650, 903)
(6, 3589, -654)
(6, 3455, 588)
(6, 2135, -721)
(6, 3466, -866)
(6, 522, 355)
(6, 2923, -979)
(6, 4687, -107)
(6, 3310, 729)
(6, 25, 914)
(6, 304, -894)
(6, 5956, 792)
(6, 3141, -582)
(6, 6156, -979)
(6, 690, -928)
(6, 2824, 800)
(6, 3736, -846)
(6, 2187, -631)
(6, 4005, -276)
(6, 5937, 517)
(6, 6525, -920)
(6, 143, -551)
(6, 4154, -651)
(6, 8326, -783)
(6, 3439, -748)
(6, 3841, -965)
(6, 2463, -545)
(6, 6688, 624)
(6, 4624, -115)
(6, 2749, -812)
(6, 2300, 539)
(6, 376, -701)
(6, 2552, -774)
(6, 1933, 758)
(6, 2828, 43)
(6, 7809, -815)
(6, 6430, 882)
(6, 3933, 712)
(6, 1715, 79)
(6, 4192, 669)
(6, 3838, 790)
(6, 7986, -755)
(6, 4280, -54)
(6, 9259, -631)
(6, 2698, 1010)
(6, 2517, -241)
(6, 990, 927)
(6, 7257, -760)
(6, 1048, -941)
(6, 791, -211)
(6, 6349, -774)
(6, 1734, -242)
(6, 1506, -742)
(6, 2892, -970)
(6, 9245, -975)
(6, 3071, 312)
(6, 1043, 592)
(6, 7044, -872)
(6, 5216, -513)
(6, 2042, -912)
(6, 2536, -862)
(6, 3969, 285)
(6, 1617, -973)
(6, 2779, -540)
(6, 452, 628)
(6, 5605, -752)
(6, 4624, 163)
(6, 3540, -437)
(6, 826, -934)
(6, 7291, -1013)
(6, 1709, -696)
(6, 2248, 205)
(6, 4382, 681)
(6, 907, -759)
(6, 4176, -408)
(6, 2133, 459)
(6, 3170, -679)
(6, 1872, -614)
(6, 3946, -994)
(6, 4476, -693)
(6, 2125, -442)
(6, 5738, -19)
(6, 840, -759)
(6, 3854, -803)
(6, 3761, 243)
(6, 2844, -544)
(6, 46, -397)
(6, 1108, 723)
(6, 2665, -539)
(6, 2195, -820)
(6, 4623, -282)
(6, 4373, -882)
(6, 3352, 316)
(6, 3088, -807)
(6, 2972, -975)
(6, 9076, -977)
(6, 2728, -759)
(6, 2252, -571)
(6, 59, -204)
(6, 5778, -577)
(6, 6987, 1022)
(6, 5173, -985)
(6, 85, -765)
(6, 3329, -202)
(6, 3796, -606)
(6, 6844, -905)
(6, 4006, -158)
(6, 528, -858)
(6, 1256, -584)
(6, 8180, -794)
(6, 3046, -258)
(6, 3501, -755)
(6, 3779, -821)
(6, 1619, -849)
(6, 2330, 957)
(6, 8521, 196)
(6, 3545, 85)
(6, 2955, -711)
(6, 3748, -130)
(6, 1558, -918)
(6, 858, -840)
(6, 8691, -778)
(6, 4697, -587)
(6, 4131, -667)
(6, 1459, 406)
(6, 2547, -552)
(6, 2474, 307)
(6, 253, -227)
(6, 8155, -604)
(6, 6791, -602)
(6, 2606, -521)
(6, 3838, 277)
(6, 2938, -808)
(6, 27, 847)
(6, 3145, -1018)
(6, 2321, -615)
(6, 8496, 436)
(6, 3777, -223)
(6, 4404, -635)
(6, 2956, -936)
(6, 4144, -43)
(6, 1259, -745)
(6, 7306, 502)
(6, 7816, -897)
(6, 464, -994)
(6, 99, 371)
(6, 246, -721)
(6, 8517, 368)
(6, 719, -845)
(6, 8821, -923)
(6, 6597, -752)
(6, 7122, -925)
(6, 2620, 490)
(6, 6318, -817)
(6, 1017, 428)
(6, 8047, 302)
(6, 1309, 524)
(6, 3286, 726)
(6, 512, -940)
(6, 7092, 889)
(6, 229, 267)
(6, 4127, -887)
(6, 1260, -550)
(6, 4781, -703)
(6, 7847, -46)
(6, 6404, -967)
(6, 4037, -975)
(6, 2056, -727)
(6, 7181, -957)
(6, 5076, 85)
(6, 4454, 501)
(6, 8992, -727)
(6, 4340, 590)
(6, 3894, -1016)
(6, 5327, -211)
(6, 4938, -277)
(6, 592, -302)
(6, 4575, -594)
(6, 7455, -596)
(6, 2149, -873)
(6, 6621, -86)
(6, 2586, -692)
(6, 3683, -691)
(6, 6106, -672)
(6, 4996, 176)
(7, 6884, -197)
(7, 6156, -845)
(7, 4589, -571)
(7, 1665, -947)
(7, 2251, -618)
(7, 3014, -730)
(7, 2139, 993)
(7, 1978, 97)
(7, 5207, -969)
(7, 1612, -589)
(7, 5745, -545)
(7, 479, -834)
(7, 2819, -961)
(7, 407, -943)
(7, 4980, -834)
(7, 5167, -574)
(7, 3267, -902)
(7, 3959, -852)
(7, 2420, -381)
(7, 851, 825)
(7, 3660, -995)
(7, 977, -45)
(7, 1308, 702)
(7, 5737, -573)
(7, 4264, -727)
(7, 570, -680)
(7, 3445, -930)
(7, 1948, 804)
(7, 4261, -648)
(7, 3233, 48)
(7, 3731, -570)
(7, 3354, 107)
(7, 5277, -245)
(7, 1895, -846)
(7, 3417, -983)
(7, 1721, -389)
(7, 7015, -784)
(7, 3498, 733)
(7, 4426, -800)
(7, 144, -610)
(7, 3732, -777)
(7, 1754, -796)
(7, 5665, -551)
(7, 673, -653)
(7, 4066, 333)
(7, 3776, -875)
(7, 5142, -785)
(7, 2896, -544)
(7, 9270, 596)
(7, 1550, -1008)
(7, 2250, -758)
(7, 1723, -699)
(7, 2784, 375)
(7, 1761, -620)
(7, 444, -475)
(7, 3585, -529)
(7, 4266, 225)
(7, 683, -378)
(7, 1497, -811)
(7, 783, -593)
(7, 1731, 605)
(7, 6899, 364)
(7, 5207, -645)
(7, 1774, 5)
(7, 4075, -951)
(7, 5792, -566)
(7, 4106, -708)
(7, 9252, -839)
(7, 5840, 823)
(7, 2344, -45)
(7, 1623, -672)
(7, 1209, -1020)
(7, 4495, -1017)
(7, 1201, -537)
(7, 193, -468)
(7, 2324, 652)
(7, 1627, 592)
(7, 138, 993)
(7, 7083, -763)
(7, 2770, -612)
(7, 179, -560)
(7, 1699, -512)
(7, 5, -924)
(7, 3404, 758)
(7, 1202, -932)
(7, 5003, -624)
(7, 8634, -55)
(7, 1633, -720)
(7, 6522, -111)
(7, 1278, -531)
(7, 1300, -808)
(7, 7957, -989)
(7, 2593, -620)
(7, 1936, -69)
(7, 520, -929)
(7, 2023, -865)
(7, 2145, 826)
(7, 8412, 708)
(7, 8378, -1000)
(7, 6833, -361)
(7, 238, -647)
(7, 246, -560)
(7, 1883, -1021)
(7, 686, -1014)
(7, 6268, -788)
(7, 3421, 938)
(7, 4118, -841)
(7, 963, -25)
(7, 2183, -841)
(8, 6718, 845)
(8, 6722, 307)
(8, 7285, -831)
(9, 231, -936)
(9, 3398, -838)
(9, 443, -1019)
(9, 2010, 332)
(9, 2495, -996)
(9, 3713, -817)
(9, 2877, -622)
(9, 1030, -597)
(9, 532, -605)
(9, 1825, -1016)
(9, 7658, -691)
(9, 4432, -648)
(9, 1111, -657)
(9, 959, -628)
(9, 3004, -765)
(9, 2001, -1007)
(9, 893, 334)
(9, 8941, 78)
(9, 2212, 573)
(9, 3503, -820)
(9, 1082, -783)
(9, 3185, -878)
(9, 7807, -961)
(9, 2239, 455)
(9, 498, -776)
(9, 137, 91)
(9, 3191, -969)
(9, 2215, -729)
(9, 180, -637)
(9, 1569, -351)
(9, 7778, 274)
(9, 4420, -509)
(9, 3882, -496)
(9, 6124, -989)
(9, 531, -827)
(9, 3560, -823)
(9, 7284, -271)
(9, 727, -900)
(9, 496, -684)
(9, 4062, 850)
(9, 3262, -999)
(9, 4288, -782)
(9, 5840, -518)
(9, 2987, 117)
(9, 854, -74)
(9, 183, -613)
(9, 7257, 549)
(9, 1562, 718)
(9, 1185, 463)
(9, 1433, 879)
(9, 1983, 356)
(10, 1168, -719)
(10, 2258, 696)
(10, 1386, -524)
(10, 7133, 1022)
(10, 8007, -783)
(10, 7030, 457)
(10, 1530, -668)
(10, 2763, -371)
(10, 2064, 421)
(10, 1064, 442)
(10, 28, -281)
(10, 2814, -632)
(10, 961, -866)
(10, 4344, -519)
(10, 8060, 215)
(10, 4333, -928)
(10, 3771, -986)
(10, 2916, -630)
(10, 429, 269)
(10, 3968, -544)
(10, 3511, -657)
(10, 276, -1)
(10, 182, -737)
(10, 1185, -210)
(10, 141, -879)
(10, 7887, -707)
(10, 1914, -183)
(10, 3777, 752)
(10, 4061, 541)
(10, 4567, -957)
(10, 4558, -772)
(10, 4353, 656)
(10, 5855, -860)
(10, 2776, 280)
(10, 2907, -616)
(10, 621, -912)
(10, 1239, 838)
(10, 157, 1001)
(10, 2766, -829)
(10, 4133, -895)
(10, 520, -917)
(10, 7824, -859)
(10, 3567, -693)
(10, 7943, -1023)
(10, 1025, -946)
(10, 4179, -545)
(10, 6061, -991)
(10, 3207, 634)
(10, 964, -686)
(10, 1929, 561)
(10, 2479, -1022)
(10, 1639, -659)
(10, 7549, -537)
(10, 2583, -761)
(10, 3749, -900)
(10, 5191, -549)
(10, 2661, -898)
(10, 6750, -607)
(10, 4686, -297)
(10, 2028, -414)
(11, 2069, 948)
(11, 9237, -719)
(11, 6810, 534)
(11, 2185, -732)
(11, 2038, -390)
(11, 516, -786)
(11, 1005, -1011)
(11, 2148, -959)
(11, 5041, -593)
(11, 755, 796)
(11, 8795, -712)
(11, 8526, -655)
(11, 3561, -424)
(11, 860, 678)
(11, 3710, -988)
(11, 1354, -637)
(11, 415, -652)
(11, 4601, -900)
(11, 2558, -122)
(11, 6366, -820)
(11, 2934, -613)
(11, 3930, -981)
(11, 2584, -58)
(11, 1351, -1014)
(11, 4155, -1001)
(11, 4188, 575)
(11, 7373, -262)
(11, 1317, -1010)
(11, 3380, -727)
(11, 6764, -582)
(11, 2477, 984)
(11, 3679, -521)
(11, 2978, -950)
(11, 7457, -698)
(11, 7123, -696)
(11, 2252, 470)
(11, 3317, -600)
(11, 2088, -711)
(11, 1098, -988)
(11, 936, 909)
(11, 3667, -861)
(12, 3980, 68)
(12, 779, -971)
(12, 3882, -631)
(12, 8077, -908)
(12, 2856, -918)
(12, 223, 1008)
(12, 4776, -844)
(12, 4887, -197)
(12, 1, -629)
(12, 6561, 266)
(12, 2525, -518)
(12, 4654, -540)
(12, 798, 329)
(12, 1341, -152)
(12, 4537, -898)
(12, 6886, -662)
(12, 931, -837)
(12, 9261, 54)
(12, 1536, -241)
(12, 2442, -874)
(12, 8728, -569)
(12, 8556, -850)
(12, 6232, -132)
(12, 3551, -858)
(12, 3278, -625)
(12, 4995, -591)
(12, 2348, -515)
(12, 3044, 872)
(12, 3950, -524)
(12, 1787, -996)
(12, 1925, 143)
(12, 4524, -945)
(13, 3764, 27)
(13, 2880, -749)
(13, 7046, -910)
(13, 2757, 593)
(13, 2802, 845)
(13, 1192, 103)
(13, 2780, 249)
(13, 456, 681)
(13, 3482, -47)
(13, 2881, -737)
(13, 2314, -147)
(14, 3288, -938)
(14, 8647, 484)
(14, 4332, -991)
(14, 80, 135)
(14, 3450, -714)
(14, 1521, -136)
(14, 5312, -857)
(14, 2731, 657)
(14, 1342, -153)
(14, 1026, 136)
(14, 581, 384)
(14, 4357, 227)
(14, 1709, -554)
(14, 5449, 739)
(14, 7662, 69)
(14, 5603, -870)
(14, 787, -590)
(14, 2345, -812)
(14, 4676, -799)
(14, 2037, 369)
(14, 7100, -813)
(14, 1773, -570)
(14, 543, -981)
(14, 3633, -714)
(14, 7052, -542)
(14, 3690, -975)
(14, 4619, -863)
(14, 2546, -652)
(14, 4076, -897)
(14, 4841, -218)
(14, 1034, -1019)
(14, 333, -526)
(14, 924, 925)
(14, 3910, -996)
(14, 8525, -614)
(14, 2905, 70)
(14, 6580, -572)
(14, 5584, 172)
(14, 1004, 898)
(14, 995, -664)
(14, 701, -564)
(15, 3151, -656)
(15, 8864, 697)
(15, 3284, -825)
(15, 6307, -552)
(15, 3336, -782)
(15, 118, 160)
(15, 3881, -341)
(15, 3766, -659)
(15, 1934, -198)
(15, 1873, -877)
(15, 2230, -183)
(15, 215, -797)
(15, 4568, 198)
(15, 1067, -962)
(15, 4234, -603)
(15, 990, -991)
(15, 213, -894)
(15, 893, 915)
(15, 3647, -665)
(15, 714, -964)
(15, 1297, 337)
(15, 5815, -798)
(15, 8175, 929)
(15, 7136, -869)
(15, 2572, -830)
(15, 1914, 271)
(15, 3026, -652)
(15, 3832, 542)
(15, 4234, -769)
(15, 3761, -516)
(15, 2478, 41)
(15, 6944, 13)
(15, 3825, 296)
(15, 1045, -730)
(15, 7202, -204)
(15, 4000, -631)
(15, 7023, 33)
(15, 607, 100)
(15, 2254, -904)
(15, 5498, -164)
(15, 6000, -529)
(15, 871, -50)
(15, 337, -920)
(15, 5429, -712)
(15, 7206, -871)
(15, 1915, -842)
(15, 2979, -514)
(15, 7953, -702)
(15, 4967, 379)
(16, 4570, -786)
(16, 2759, -810)
(16, 2036, -845)
(16, 5255, -978)
(16, 6204, 51)
(16, 2198, -861)
(16, 1348, -279)
(16, 3007, -839)
(16, 1251, -542)
(16, 9098, -61)
(16, 8060, -960)
(16, 74, 155)
(16, 4145, -1007)
(16, 7470, -544)
(16, 45, 681)
(16, 5458, -938)
(16, 5819, -881)
(16, 3905, -789)
(16, 6171, -1019)
(16, 3064, -758)
(16, 3207, -589)
(16, 3876, -552)
(16, 1603, 516)
(16, 3529, -900)
(16, 1864, -989)
(16, 1903, -426)
(16, 3346, -645)
(16, 2606, -794)
(16, 2186, 500)
(16, 1248, 450)
(16, 1674, -836)
(16, 1112, 823)
(16, 1632, -417)
(16, 81, -943)
(16, 1021, -1016)
(16, 1979, -634)
(16, 3388, 61)
(16, 160, -594)
(16, 5460, 331)
(16, 1252, -671)
(16, 6380, -978)
(16, 2243, -742)
(16, 3836, -658)
(16, 6308, -655)
(16, 3944, -34)
(16, 8050, -566)
(16, 8847, -395)
(16, 1544, 783)
(16, 432, 534)
(16, 2143, -888)
(16, 121, -944)
(16, 1423, -874)
(16, 2358, -574)
(16, 7059, -1006)
(16, 4071, -398)
(16, 5784, 117)
(16, 6964, 586)
(16, 622, -573)
(16, 4151, 217)
(16, 5997, -715)
(16, 6094, 291)
(16, 312, -521)
(16, 1460, -361)
(16, 7433, 286)
(16, 3155, -578)
(16, 8799, 826)
(16, 3967, -940)
(16, 8196, -629)
(16, 3529, -720)
(16, 9151, -1010)
(16, 5482, 788)
(16, 8992, -768)
(16, 4412, -964)
(16, 8793, -735)
(16, 7972, -704)
(16, 1167, -720)
(16, 3832, -631)
(16, 2296, -801)
(16, 477, -518)
(16, 849, -735)
(16, 2595, -873)
(16, 2451, 969)
(16, 5367, 803)
(16, 3540, -757)
(16, 3779, -580)
(16, 6341, 703)
(16, 852, 419)
(16, 9164, -666)
(16, 1660, 357)
(16, 9211, -551)
(16, 6295, -643)
(16, 2404, -961)
(16, 4177, -713)
(16, 2513, -85)
(16, 8295, -889)
(16, 3210, -1006)
(16, 6752, -322)
(16, 7338, -528)
(16, 1192, -32)
(16, 3940, -592)
(16, 3423, 506)
(16, 750, 408)
(16, 9268, 54)
(16, 4992, -866)
(16, 2423, -969)
(16, 6255, -873)
(16, 3970, 866)
(16, 2814, 798)
(16, 131, -647)
(16, 2710, -527)
(16, 470, -964)
(16, 3443, 552)
(16, 4393, -565)
(16, 3334, 556)
(16, 7276, -976)
(16, 7313, -551)
(16, 2726, -676)
(16, 4148, 483)
(16, 1642, -633)
(16, 1432, -711)
(16, 5847, -523)
(16, 1703, -1017)
(16, 3360, 730)
(16, 4162, -597)
(16, 1648, -844)
(16, 7850, -715)
(16, 6817, -85)
(16, 3746, -769)
(16, 1257, 152)
(17, 1515, -873)
(17, 2686, 802)
(17, 2432, -883)
(17, 2058, -540)
(17, 858, -400)
(17, 1423, -831)
(17, 2594, -952)
(17, 7275, -710)
(17, 1761, -277)
(17, 2093, 433)
(17, 4246, -869)
(17, 3116, -184)
(17, 907, -561)
(17, 1075, -347)
(17, 8823, -652)
(17, 5536, -823)
(17, 124, -947)
(17, 2675, -804)
(17, 1325, 930)
(17, 3656, -549)
(17, 2555, -975)
(17, 161, -858)
(17, 4358, -834)
(17, 1432, -611)
(17, 1575, -873)
(17, 3429, -973)
(17, 6033, -288)
(17, 610, 835)
(17, 5899, -425)
(17, 6203, -807)
(17, 9255, -59)
(17, 3392, -598)
(17, 5507, -307)
(17, 1810, -156)
(17, 5956, 123)
(17, 8605, -255)
(17, 8860, -886)
(17, 7202, -30)
(17, 4558, -946)
(17, 2283, -90)
(17, 1058, 303)
(17, 3537, -714)
(17, 1288, 494)
(17, 2204, -223)
(17, 8864, -661)
(17, 3321, -51)
(17, 5665, -897)
(17, 2838, 380)
(17, 6122, -903)
(17, 2103, -29)
(17, 2584, -858)
(17, 5691, -993)
(17, 4306, 609)
(17, 3585, -633)
(17, 4218, -855)
(17, 8076, -857)
(17, 4559, 69)
(17, 4175, -566)
(17, 1254, -995)
(17, 2631, -69)
(17, 2234, -778)
(17, 2385, -597)
(17, 704, 739)
(17, 45, -1012)
(17, 767, -34)
(17, 3102, -737)
(17, 9183, -841)
(17, 6956, -650)
(17, 2288, -1003)
(17, 983, -533)
(17, 2286, -581)
(17, 8337, -666)
(17, 843, 889)
(17, 2585, -661)
(17, 3996, 169)
(17, 4969, -1006)
(17, 4466, -357)
(17, 7237, -680)
(17, 242, -865)
(17, 5905, -522)
(17, 4433, -524)
(17, 2436, -923)
(17, 8694, 350)
(17, 3777, 435)
(17, 3006, -1006)
(17, 1992, -842)
(17, 1685, -440)
(18, 4494, -618)
(18, 7056, 1009)
(18, 589, -870)
(18, 47, -234)
(18, 2744, -431)
(18, 662, 874)
(19, 4559, -539)
(19, 3056, 1008)
(19, 38, -973)
(19, 2687, -779)
(19, 7833, -1000)
(19, 6039, 640)
(19, 4707, -968)
(19, 5274, -827)
(19, 2992, -535)
(19, 3387, 985)
(19, 4407, -707)
(19, 2878, -764)
(19, 8744, 921)
(19, 354, -649)
(19, 1218, -708)
(19, 777, -595)
(19, 195, -728)
(19, 3020, -402)
(19, 3346, -728)
(19, 2986, -1016)
(19, 2340, -854)
(19, 8146, 18)
(19, 2954, -315)
(19, 962, 210)
(19, 2367, -695)
(19, 769, -9)
(19, 7585, -697)
(19, 1040, 279)
(19, 4649, -545)
(19, 394, 659)
(19, 2006, -698)
(19, 2616, -670)
(19, 3728, -304)
(19, 5187, -235)
(19, 4048, 677)
(19, 1737, 834)
(19, 2643, 209)
(19, 7835, -799)
(19, 4518, -262)
(19, 391, -593)
(19, 1646, -693)
(19, 541, 642)
(19, 46, -890)
(19, 4463, -605)
(19, 452, -972)
(19, 108, -149)
(19, 72, 692)
(19, 2146, -823)
(19, 100, 387)
(19, 2767, -617)
(19, 7980, -906)
(19, 704, 802)
(19, 7468, -959)
(19, 1751, 681)
(19, 4391, -597)
(19, 4988, -952)
(19, 2842, -433)
(19, 2272, -658)
(19, 366, -618)
(19, 513, -1019)
(20, 4572, 855)
(20, 930, 456)
(20, 1984, -516)
(20, 1274, -773)
(20, 1980, -312)
(20, 3, 809)
(20, 1840, -136)
(20, 524, -731)
(20, 4449, -922)
(20, 4250, 340)
(20, 3822, -213)
(20, 4433, -859)
(20, 5639, -591)
(20, 2956, -198)
(20, 979, 201)
(20, 9206, 818)
(20, 3358, -721)
(20, 962, -926)
(20, 6423, -827)
(20, 1023, -968)
(20, 1716, 483)
(20, 4556, -832)
(20, 2633, -700)
(20, 697, -391)
(20, 2652, -567)
(20, 3231, -854)
(20, 2723, -876)
(20, 8650, -483)
(20, 1599, -793)
(20, 5212, -622)
(20, 1014, 510)
(20, 5023, -939)
(20, 2192, -775)
(20, 88, -817)
(20, 6296, -342)
(20, 3372, -750)
(20, 8359, -899)
(20, 3675, -562)
(20, 95, -635)
(20, 3355, -913)
(20, 108, -894)
(20, 2591, 241)
(20, 184, -747)
(20, 3901, 774)
(20, 2802, -960)
(20, 2176, -977)
(20, 229, -787)
(20, 749, -701)
(20, 2427, 1007)
(20, 4918, 937)
(20, 4605, -878)
(20, 4804, -895)
(20, 4347, -570)
(20, 460, -549)
(20, 7375, -844)
(20, 2029, -818)
(20, 1982, 660)
(20, 1878, -283)
(20, 5244, 753)
(20, 2612, -734)
(20, 5710, -1000)
(20, 7292, -992)
(20, 486, -934)
(20, 3300, -963)
(20, 117, 803)
(20, 3596, -42)
(20, 2352, -163)
(20, 5067, -748)
(20, 1402, -924)
(20, 8623, -666)
(20, 8808, -594)
(20, 489, 781)
(20, 3314, -977)
(20, 7376, -684)
(20, 9246, -788)
(20, 8946, -195)
(20, 1008, -298)
(20, 1490, -523)
(20, 8927, 398)
(20, 2683, -969)
(20, 3555, 416)
(20, 2876, -544)
(20, 1338, -575)
(20, 4545, -600)
(20, 3170, -803)
(20, 9275, -525)
(21, 1233, -902)
(21, 2655, 477)
(21, 1600, -502)
(21, 2514, 654)
(21, 1181, -1020)
(21, 333, -593)
(21, 2398, 824)
(21, 3815, -722)
(21, 2337, -904)
(21, 4860, -1015)
(21, 4129, -526)
(21, 327, -519)
(21, 5568, 775)
(21, 2515, -892)
(21, 1506, 384)
(21, 217, -711)
(21, 341, -965)
(21, 7206, -810)
(21, 3398, -949)
(21, 3792, -730)
(21, 8340, -597)
(21, 8778, -936)
(21, 303, -954)
(21, 8409, 587)
(21, 2103, -979)
(21, 910, -589)
(21, 1614, -664)
(21, 9221, -709)
(21, 3226, -439)
(21, 3840, -682)
(21, 1784, -1000)
(21, 685, -1019)
(21, 420, -733)
(21, 3599, -951)
(21, 4351, 376)
(21, 4712, -845)
(21, 1827, -937)
(21, 5411, -856)
(21, 1503, 947)
(21, 316, -143)
(21, 2907, 496)
(21, 2181, 1000)
(21, 1895, 481)
(21, 5913, -724)
(21, 7018, -538)
(21, 8964, -596)
(21, 323, -326)
(21, 2719, -642)
(21, 3812, -873)
(21, 1422, -956)
(21, 6762, 943)
(21, 5143, -915)
(21, 7537, -592)
(21, 3223, -542)
(21, 4586, -709)
(21, 960, -755)
(21, 482, -709)
(21, 7421, 185)
(21, 7971, -571)
(21, 7711, -171)
(21, 2890, 686)
(21, 2600, 972)
(21, 152, -249)
(21, 8955, -467)
(21, 8275, -257)
(21, 4632, 310)
(21, 3190, 763)
(21, 525, -636)
(21, 2925, -627)
(21, 1583, -810)
(21, 4097, -32)
(21, 323, -999)
(21, 1940, -655)
(21, 98, -562)
(21, 4093, -1023)
(21, 5052, 78)
(21, 1831, -755)
(21, 2253, -925)
(21, 4597, -687)
(21, 3607, -600)
(21, 3951, -787)
(21, 3407, 967)
(21, 2998, -95)
(21, 3506, 498)
(21, 2879, 154)
(21, 4403, -639)
(21, 6911, -579)
(21, 6321, -607)
(21, 4220, -601)
(21, 3227, -1010)
(21, 1052, -942)
(21, 474, -827)
(21, 4501, -842)
(21, 47, -211)
(21, 4089, -755)
(21, 4263, -579)
(21, 2021, 476)
(21, 7113, -880)
(21, 3394, -847)
(21, 1106, -1013)
(21, 423, -601)
(21, 908, -789)
(21, 3630, 775)
(21, 2839, -778)
(21, 907, -672)
(21, 1157, -322)
(21, 1923, -973)
(21, 680, 194)
(21, 6367, -781)
(21, 390, -445)
(21, 2355, -572)
(21, 2313, 165)
(21, 7363, -772)
(21, 1630, -870)
(21, 4538, -490)
(21, 1793, -693)
(21, 4447, 31)
(21, 2800, -717)
(21, 1600, -413)
(21, 3110, -828)
(21, 4092, 832)
(21, 4833, 963)
(21, 2640, -868)
(21, 6517, -859)
(21, 3118, -984)
(21, 3428, -174)
(21, 843, 163)
(21, 213, -924)
(21, 5259, -544)
(21, 3314, -578)
(21, 2865, -578)
(21, 3076, 634)
(21, 988, 395)
(21, 1486, 575)
(21, 486, 318)
(21, 1946, -460)
(21, 2706, -129)
(21, 6667, -777)
(21, 596, -887)
(21, 4039, -850)
(21, 8312, -923)
(21, 1878, -888)
(21, 1810, -272)
(21, 2792, -582)
(21, 193, -776)
(21, 2248, -29)
(21, 7424, -797)
(21, 6013, 264)
(21, 2351, -255)
(21, 2405, -900)
(21, 562, -69)
(21, 5782, -706)
(21, 1824, 715)
(21, 2240, -816)
(21, 4083, -952)
(21, 1378, -568)
(21, 460, -651)
(21, 8473, 312)
(21, 1204, -616)
(21, 2334, -984)
(21, 4558, -1005)
(21, 388, -954)
(21, 3980, -37)
(21, 1436, -529)
(21, 2991, -869)
(21, 1950, -462)
(21, 4099, -960)
(21, 675, -621)
(21, 941, -613)
(21, 103, 188)
(21, 912, -890)
(22, 3559, -764)
(22, 7636, 399)
(22, 817, -165)
(22, 1262, -597)
(22, 1321, -639)
(22, 4288, -950)
(22, 2072, 172)
(22, 2706, -603)
(22, 2852, -866)
(22, 4482, -691)
(22, 7975, -370)
(22, 1051, -565)
(22, 295, 1000)
(22, 3485, 317)
(22, 950, -896)
(22, 3549, -721)
(22, 5677, -741)
(22, 1873, -520)
(22, 1017, -98)
(22, 4508, 50)
(22, 4887, -610)
(22, 1072, 639)
(22, 3203, 148)
(22, 886, -538)
(22, 3626, 334)
(22, 183, 494)
(22, 3776, 389)
(22, 2781, -743)
(22, 2726, 859)
(22, 175, -844)
(22, 1373, 172)
(22, 2074, -966)
(22, 211, -697)
(22, 3525, -644)
(22, 1526, -684)
(22, 804, 940)
(22, 7747, -679)
(22, 279, 1005)
(22, 3083, 401)
(22, 5371, -611)
(22, 2058, -530)
(22, 5183, -826)
(22, 390, -505)
(22, 7686, -1022)
(22, 3331, -1001)
(22, 8777, -950)
(22, 5852, 334)
(22, 6772, 35)
(22, 2083, -741)
(22, 3369, -910)
(22, 1346, -540)
(22, 2830, -808)
(22, 2476, -913)
(22, 1063, 921)
(22, 3698, -903)
(22, 7757, 720)
(22, 114, 418)
(22, 2631, -629)
(22, 4455, 147)
(22, 3241, -942)
(22, 2411, -165)
(22, 1201, -911)
(22, 6952, -789)
(22, 2518, -343)
(22, 1611, -777)
(22, 1634, -674)
(22, 3786, 76)
(22, 4639, -693)
(22, 4085, -540)
(22, 1931, -33)
(22, 234, 664)
(22, 1639, -269)
(22, 2512, -986)
(22, 2282, -530)
(22, 3052, -664)
(22, 3038, -900)
(22, 128, -142)
(22, 3281, 903)
(22, 6950, 489)
(22, 1803, -596)
(22, 2394, -361)
(22, 3910, 620)
(22, 430, -603)
(22, 4324, -847)
(22, 7492, -10)
(22, 1488, -647)
(22, 1249, 622)
(22, 2913, -540)
(22, 7017, -719)
(22, 257, -960)
(22, 1704, -587)
(23, 3012, -1001)
(23, 307, -674)
(23, 1632, -897)
(23, 4622, -600)
(23, 899, -788)
(23, 2503, 861)
(23, 385, -892)
(23, 2710, -876)
(23, 4231, -519)
(23, 3111, -654)
(23, 904, -1013)
(23, 1510, -447)
(23, 6771, -682)
(23, 893, -449)
(23, 1573, 936)
(23, 4678, -404)
(23, 9019, 814)
(23, 402, -761)
(23, 5207, 734)
(23, 3343, 289)
(23, 1771, -653)
(23, 9274, 127)
(23, 6509, -38)
(23, 875, 515)
(23, 3321, -760)
(23, 1352, -697)
(23, 7072, -406)
(23, 3013, -545)
(23, 6230, -888)
(23, 9087, -819)
(23, 996, -947)
(23, 1020, 223)
(23, 50, -882)
(23, 5281, -295)
(23, 3177, -931)
(23, 2387, -466)
(23, 4277, -848)
(23, 8448, -157)
(23, 3104, 406)
(23, 4031, -858)
(23, 4348, -742)
(23, 2676, 467)
(23, 7319, -261)
(23, 2041, -861)
(23, 5605, -960)
(23, 6699, -927)
(23, 2434, -536)
(23, 7272, 468)
(23, 8671, -638)
(23, 1348, 334)
(23, 4017, -902)
(23, 45, -919)
(23, 3818, -283)
(23, 881, -853)
(23, 852, -276)
(23, 7380, -881)
(23, 3975, 213)
(23, 2822, -874)
(23, 3664, -734)
(23, 8795, -585)
(23, 755, -753)
(23, 2597, -277)
(23, 529, -956)
(23, 1468, -617)
(23, 699, -820)
(23, 2746, -571)
(23, 6828, -823)
(23, 1303, -890)
(23, 2819, -1000)
(23, 8347, -795)
(23, 5735, -641)
(23, 1354, 953)
(23, 8314, -942)
(23, 1504, -57)
(23, 4632, -515)
(23, 2182, -210)
(23, 3513, -446)
(23, 4281, 41)
(23, 5049, -813)
(23, 1176, -786)
(23, 3598, -559)
(23, 39, -979)
(23, 17, -967)
(23, 8446, -361)
(23, 2686, -610)
(23, 6681, -909)
(23, 5379, -1009)
(23, 4335, -1005)
(23, 1069, -920)
(23, 3796, -376)
(23, 8143, 513)
(23, 546, -646)
(23, 3422, -864)
(23, 6382, -875)
(23, 3321, -943)
(23, 4239, -794)
(23, 1091, 333)
(23, 1366, -873)
(23, 3065, -897)
(23, 6918, 628)
(23, 4152, -937)
(23, 1729, 463)
(23, 8799, -917)
(23, 2199, 398)
(23, 3244, -521)
(23, 2704, -64)
(23, 3134, -110)
(23, 3789, 348)
(23, 4127, -576)
(23, 4062, -643)
(23, 4083, 221)
(23, 7448, 958)
(23, 496, -837)
(23, 5550, -647)
(23, 8200, -562)
(23, 7003, -593)
(23, 77, -856)
(23, 8558, -451)
(23, 3143, -866)
(23, 3267, -903)
(23, 4317, -832)
(23, 102, 1011)
(23, 7782, -675)
(23, 4509, -13)
(23, 8873, -796)
(23, 398, -825)
(23, 1120, -40)
(23, 4172, -999)
(23, 3377, -878)
(23, 1735, -1016)
(23, 1246, -544)
(23, 3076, -790)
(23, 1867, -771)
(23, 3430, 818)
(23, 638, -933)
(23, 1966, -895)
(23, 8846, -149)
(23, 8883, 893)
(23, 580, 799)
(23, 7898, 522)
(23, 983, 709)
(23, 881, -965)
(23, 9049, -610)
(23, 6395, -524)
(23, 1171, -840)
(23, 2430, 635)
(23, 681, -709)
(23, 2913, -692)
(23, 1957, -715)
(23, 6753, 177)
(23, 3038, -705)
(23, 490, 55)
(23, 3896, 436)
(23, 8610, -922)
(23, 2855, -874)
(23, 1837, -447)
(23, 8706, 31)
(23, 9029, -645)
(23, 1428, -15)
(23, 1450, -630)
(23, 5736, 746)
(23, 2168, -645)
(23, 1413, -920)
(23, 4691, -980)
(23, 1812, 205)
(23, 2900, -153)
(23, 3285, -647)
(23, 1271, -863)
(23, 8944, -926)
(23, 7655, -305)
(23, 3414, -769)
(23, 4258, -690)
(23, 4341, -621)
(23, 770, -791)
(23, 8348, -822)
(23, 7709, -828)
(23, 2792, -850)
(23, 2902, -574)
(23, 600, -676)
(23, 2475, 284)
(23, 275, 576)
(23, 479, -810)
(23, 1435, 83)
(23, 3157, -870)
(23, 4087, -949)
(23, 2273, -768)
(23, 656, -989)
(23, 4786, 98)
(23, 293, 112)
(23, 4142, -748)
(23, 8046, -638)
(23, 2484, -812)
(23, 7613, -682)
(23, 2705, -881)
(23, 85, -856)
(23, 1429, 702)
(24, 7503, -657)
(24, 33, -528)
(24, 3814, -743)
(24, 3204, -854)
(24, 4917, -545)
(24, 3370, -934)
(24, 2756, 525)
(24, 3722, -430)
(24, 2239, 102)
(24, 3293, 561)
(24, 3305, -662)
(24, 3128, 1016)
(24, 1355, -695)
(24, 8425, -997)
(24, 4359, -720)
(24, 2491, -1003)
(24, 5858, 608)
(24, 8835, -987)
(24, 152, -686)
(24, 953, 459)
(24, 1143, -764)
(24, 442, 96)
(24, 7821, -119)
(24, 1507, -736)
(24, 7639, -701)
(24, 2257, -771)
(24, 3522, -582)
(24, 3944, -906)
(24, 2146, -715)
(24, 9102, -748)
(24, 4675, -924)
(24, 7266, -624)
(24, 80, -574)
(24, 5781, -233)
(24, 3173, -187)
(24, 691, -1009)
(24, 2388, 85)
(24, 2433, -720)
(24, 4289, -487)
(24, 3794, -142)
(24, 5533, -60)
(24, 4515, 477)
(24, 3889, -590)
(24, 1916, 200)
(24, 1730, -837)
(24, 4138, -780)
(24, 1981, -647)
(24, 6285, -844)
(24, 7883, 294)
(24, 1064, 280)
(24, 1693, -258)
(24, 3959, -1)
(24, 107, -1011)
(24, 2848, -911)
(24, 1920, -588)
(24, 3515, 812)
(24, 7047, -742)
(24, 2120, -642)
(24, 8424, 122)
(24, 1508, -874)
(24, 3152, -1005)
(24, 6556, -388)
(24, 1519, 564)
(24, 4600, -623)
(24, 1671, 677)
(24, 2758, -928)
(24, 1941, -150)
(24, 4762, -525)
(24, 2375, -1023)
(24, 8850, -572)
(24, 4447, 423)
(24, 7768, 436)
(24, 2327, -516)
(24, 3340, -758)
(24, 4990, -978)
(24, 2781, -1021)
(24, 1833, -799)
(24, 3701, -939)
(24, 4095, 738)
(24, 2501, -575)
(24, 7876, -278)
(24, 3656, -942)
(24, 1811, -972)
(24, 1645, 826)
(24, 267, -542)
(24, 1616, -685)
(24, 1356, -723)
(24, 1172, -438)
(24, 7289, -1003)
(24, 4707, -780)
(24, 987, -428)
(24, 3937, -283)
(24, 3234, -735)
(24, 4593, 448)
(24, 4573, -839)
(24, 1699, 903)
(24, 7299, -72)
(24, 1060, -674)
(24, 6437, -639)
(24, 5465, -621)
(24, 710, -392)
(24, 5718, -669)
(24, 1488, -823)
(24, 2591, -680)
(24, 1605, -965)
(24, 4282, 838)
(24, 1221, -464)
(24, 2176, -260)
(24, 1428, 720)
(24, 7016, 52)
(24, 44, 400)
(24, 1280, 808)
(24, 3636, -439)
(24, 2661, -971)
(24, 326, -850)
(24, 7599, -167)
(24, 6997, -931)
(24, 1842, 84)
(24, 1583, 434)
(24, 3213, -532)
(24, 618, -596)
(24, 4417, -671)
(24, 4569, -1020)
(24, 2321, -1020)
(24, 1875, -644)
(24, 83, 736)
(24, 2110, -533)
(24, 7701, -627)
(24, 1450, -124)
(24, 5529, -667)
(25, 2882, -597)
(25, 1583, 160)
(25, 4609, -1002)
(25, 4423, -791)
(25, 4057, -1021)
(25, 1015, -531)
(25, 1793, 183)
(25, 1249, -991)
(25, 1387, -624)
(25, 787, 833)
(25, 4594, 767)
(25, 7772, -916)
(25, 1273, 176)
(25, 4555, -692)
(25, 1269, -677)
(25, 6907, 349)
(25, 7397, -238)
(25, 5471, -647)
(25, 21, -971)
(25, 1187, -11)
(25, 2872, 118)
(25, 1167, 156)
(25, 1275, -524)
(25, 1978, -968)
(25, 1198, 788)
(25, 1896, -315)
(25, 7432, 984)
(25, 2604, -757)
(25, 1315, 182)
(25, 255, 89)
(25, 3737, 480)
(25, 1020, 229)
(25, 6762, 562)
(25, 908, 890)
(25, 956, 99)
(25, 7303, -569)
(25, 416, -607)
(25, 3711, 104)
(25, 6344, -843)
(25, 946, -974)
(25, 7905, 566)
(25, 9159, -485)
(25, 6287, -571)
(25, 1202, 431)
(25, 6269, 468)
(25, 1802, 747)
(25, 5880, 113)
(25, 8687, -657)
(25, 473, -945)
(25, 1071, 980)
(25, 2183, 846)
(25, 3360, -724)
(25, 780, 254)
(25, 7247, -600)
(25, 4393, -592)
(25, 2233, -663)
(25, 1187, -483)
(25, 419, -627)
(25, 961, -140)
(25, 8121, 469)
(25, 4984, -1021)
(25, 2983, -972)
(25, 3920, -568)
(25, 6665, -721)
(25, 3241, -1019)
(25, 1464, -880)
(25, 2781, 906)
(25, 1337, -852)
(25, 3521, -845)
(25, 400, -600)
(25, 717, 126)
(25, 2050, -732)
(25, 2941, 657)
(25, 5832, -983)
(25, 232, -285)
(25, 1966, -731)
(25, 5205, 870)
(25, 7260, -894)
(25, 4634, -383)
(25, 7496, -867)
(25, 5020, -633)
(25, 1980, -535)
(25, 3648, -640)
(25, 2504, -279)
(25, 69, 290)
(25, 1011, -263)
(25, 1621, 87)
(25, 7317, 819)
(25, 2144, -841)
(25, 1034, -669)
(25, 2001, -700)
(25, 4183, -718)
(25, 3381, 783)
(25, 6235, -542)
(25, 3285, -810)
(25, 6975, 424)
(25, 2264, -845)
(25, 791, -513)
(25, 4335, 861)
(26, 1204, -828)
(26, 1102, -642)
(26, 2735, -1010)
(26, 8166, -915)
(26, 3445, -827)
(26, 1238, 34)
(26, 7516, -1014)
(26, 1731, 86)
(26, 1932, -719)
(26, 111, 281)
(26, 6175, 874)
(26, 3064, -668)
(26, 8333, -837)
(26, 3487, 767)
(26, 3849, -620)
(26, 216, -927)
(26, 2998, 323)
(26, 7773, -986)
(26, 900, -838)
(26, 365, -976)
(26, 2092, -373)
(26, 5229, -533)
(26, 1300, -627)
(26, 3098, 265)
(26, 2317, -665)
(26, 1672, 728)
(26, 154, -375)
(26, 1583, 984)
(26, 1395, -614)
(26, 8319, -960)
(26, 2281, -780)
(26, 2492, -149)
(26, 3510, -856)
(26, 2465, 23)
(26, 3645, 982)
(27, 1711, -899)
(27, 1451, -676)
(27, 5510, -674)
(27, 1574, -68)
(27, 658, 150)
(27, 3836, -567)
(27, 775, -471)
(27, 3670, -953)
(27, 2711, -696)
(27, 6814, 477)
(27, 3733, -579)
(27, 5079, 945)
(27, 2653, -587)
(27, 1026, -70)
(27, 718, 465)
(27, 1504, -649)
(27, 1796, -782)
(27, 5468, 480)
(27, 6936, -1007)
(27, 3588, -242)
(27, 773, 1021)
(27, 1128, 899)
(27, 3687, 11)
(27, 6125, -871)
(27, 4802, -929)
(27, 3159, 848)
(27, 3723, -581)
(27, 172, -836)
(27, 2564, -582)
(27, 2612, -517)
(27, 318, -491)
(27, 272, 955)
(27, 6193, -763)
(27, 289, -909)
(27, 755, -583)
(27, 792, -573)
(27, 8483, -395)
(27, 1595, -833)
(27, 850, -552)
(27, 4909, 538)
(27, 3952, -813)
(27, 8668, 763)
(27, 56, 90)
(27, 1862, -129)
(27, 1182, -643)
(27, 924, -940)
(27, 6472, -991)
(27, 711, 895)
(27, 754, -782)
(27, 4478, 631)
(27, 3017, -245)
(27, 1121, -400)
(27, 7965, -741)
(27, 900, -747)
(27, 2158, -669)
(27, 4305, -861)
(27, 1768, -593)
(27, 3618, -809)
(27, 8498, -786)
(27, 260, 560)
(27, 1386, -612)
(27, 1720, -838)
(27, 2838, -575)
(27, 2258, -996)
(27, 2368, -261)
(27, 2025, -115)
(27, 1011, -1011)
(27, 4779, -443)
(27, 3615, -657)
(27, 4568, 893)
(27, 1673, -843)
(27, 3790, -906)
(27, 8975, 771)
(27, 3896, -813)
(27, 5542, -86)
(27, 215, -981)
(27, 289, -523)
(27, 8472, 607)
(27, 2423, -193)
(27, 473, -791)
(27, 2539, 553)
(27, 4022, 365)
(27, 3299, -885)
(27, 5612, 664)
(27, 2405, -603)
(27, 668, -962)
(27, 1435, 436)
(27, 7850, -279)
(27, 6722, -113)
(27, 2207, -633)
(27, 8018, -888)
(27, 1525, -542)
(27, 3096, -907)
(27, 2124, -915)
(27, 4586, 785)
(27, 2666, -591)
(27, 5930, -778)
(27, 4001, -831)
(27, 3999, -729)
(27, 3731, -621)
(27, 4552, 524)
(27, 3554, -573)
(27, 3289, -285)
(27, 3583, -904)
(27, 2455, 35)
(27, 9078, -790)
(27, 3483, 938)
(27, 1468, 247)
(27, 3916, -648)
(27, 61, -808)
(27, 3347, 691)
(27, 4702, -984)
(27, 1128, -9)
(27, 3140, 410)
(27, 462, 845)
(27, 469, 224)
(27, 1422, -858)
(27, 4634, 604)
(27, 5604, -916)
(27, 4452, -869)
(27, 8821, -391)
(27, 3960, -680)
(27, 2689, -959)
(27, 5608, -976)
(27, 3156, 539)
(27, 1900, -907)
(27, 7101, -825)
(27, 3115, -922)
(27, 1322, -592)
(27, 7812, -629)
(27, 1809, 580)
(27, 314, -1017)
(27, 1603, 132)
(27, 3197, 236)
(27, 4357, -729)
(27, 2812, -890)
(27, 6528, -956)
(27, 2628, 490)
(27, 1614, -677)
(27, 284, -968)
(27, 6176, 95)
(27, 5846, -829)
(27, 470, -1005)
(27, 6518, -881)
(27, 4543, -904)
(27, 2045, 334)
(27, 2857, -936)
(27, 3355, -34)
(27, 4100, -758)
(27, 4041, -687)
(27, 2504, -1007)
(27, 2592, -905)
(27, 7132, -705)
(27, 6094, -578)
(27, 6967, 706)
(27, 5665, -735)
(27, 7507, 166)
(27, 5994, -759)
(27, 2157, -682)
(27, 353, -992)
(27, 69, 206)
(27, 2445, -512)
(27, 2843, 434)
(27, 6388, -44)
(27, 6389, 164)
(27, 2528, -771)
(27, 5075, -756)
(27, 2678, -800)
(27, 5126, -985)
(27, 4585, 266)
(27, 3021, -610)
(27, 1750, 463)
(27, 2367, -717)
(27, 1515, 961)
(27, 2127, -549)
(27, 1311, -903)
(27, 241, -412)
(27, 755, -781)
(27, 1601, -833)
(27, 3548, -368)
(27, 4034, -737)
(27, 569, -950)
(27, 109, -898)
(27, 8403, -1014)
(27, 1320, -531)
(27, 3710, -741)
(27, 2879, -20)
(27, 4003, -793)
(27, 6471, -775)
(27, 849, 574)
(27, 7468, 690)
(27, 2899, -609)
(27, 3757, -858)
(27, 2866, -941)
(27, 1167, 222)
(27, 1623, -831)
(27, 4618, -454)
(27, 3303, -598)
(28, 3284, 745)
(28, 4156, 308)
(28, 4729, 585)
(28, 3462, -561)
(28, 1819, -856)
(28, 1488, -639)
(28, 3368, 807)
(28, 3125, -959)
(28, 1941, 902)
(28, 4299, -685)
(28, 3174, 412)
(28, 4494, -864)
(28, 5023, -633)
(28, 3396, -705)
(28, 7619, -986)
(28, 4190, -485)
(28, 1573, -538)
(28, 6065, -122)
(28, 7521, -490)
(28, 372, -624)
(28, 8491, -877)
(28, 3637, 518)
(28, 8801, -750)
(28, 2991, -844)
(28, 3336, 144)
(28, 460, -1008)
(28, 183, 801)
(28, 4825, -994)
(28, 1182, -260)
(28, 3055, -229)
(28, 460, 234)
(28, 4467, -887)
(28, 3877, -634)
(28, 4157, 857)
(28, 5661, -540)
(28, 4479, -651)
(28, 635, -629)
(28, 7247, -396)
(28, 4286, 279)
(28, 688, -911)
(28, 1573, -597)
(28, 768, 922)
(28, 2836, -662)
(28, 2172, 200)
(28, 8919, -3)
(28, 2828, 311)
(28, 3967, -933)
(28, 870, -798)
(28, 5550, -894)
(28, 6738, -911)
(28, 1703, 895)
(28, 7053, 461)
(28, 564, -335)
(28, 452, 2)
(28, 1308, -595)
(28, 1449, 21)
(28, 3263, -594)
(28, 4764, -877)
(28, 885, 420)
(28, 1814, -1005)
(28, 3288, 932)
(28, 2916, -990)
(28, 4105, -942)
(28, 3918, -773)
(28, 2669, 399)
(28, 4025, -376)
(28, 4566, 583)
(28, 3756, -642)
(28, 5834, -951)
(28, 536, -351)
(28, 934, -198)
(28, 2320, -997)
(28, 7136, -1)
(28, 1081, 675)
(28, 1779, 731)
(28, 2430, -732)
(28, 1689, -904)
(28, 980, -989)
(28, 3242, -815)
(28, 2458, 350)
(28, 5997, 79)
(28, 2118, -804)
(28, 4321, 738)
(28, 1709, -991)
(28, 5264, -835)
(28, 3742, -532)
(28, 3146, 292)
(28, 3464, -634)
(28, 898, -578)
(28, 6576, -788)
(28, 2182, -473)
(28, 4464, -855)
(28, 758, -721)
(28, 5033, -752)
(28, 5160, -162)
(28, 1251, 343)
(28, 503, -577)
(28, 2582, -619)
(28, 199, -492)
(28, 3567, -924)
(28, 7173, -665)
(28, 8894, -767)
(28, 4294, -660)
(28, 552, 442)
(28, 4076, 968)
(28, 2513, -465)
(28, 545, -796)
(28, 7884, -128)
(28, 5730, 622)
(28, 4237, -896)
(28, 8129, -621)
(28, 3958, -548)
(28, 3949, 86)
(28, 7271, -820)
(28, 3224, 474)
(28, 2534, -644)
(28, 7742, -941)
(28, 3452, -922)
(28, 2652, 300)
(28, 3974, -751)
(28, 1672, -989)
(28, 3558, -257)
(28, 2996, 814)
(28, 7298, -573)
(28, 1892, -557)
(29, 7426, -634)
(29, 200, 454)
(29, 8022, 594)
(29, 5083, -772)
(29, 1938, -552)
(29, 116, 972)
(29, 1308, 735)
(29, 3795, 209)
(29, 310, -723)
(29, 3704, -597)
(29, 460, -932)
(29, 3087, 727)
(29, 6995, -1011)
(29, 2446, 23)
(29, 2588, 659)
(29, 3258, 186)
(29, 3292, -729)
(29, 4079, -632)
(29, 1083, -592)
(29, 421, 465)
(29, 4177, 508)
(29, 7658, -685)
(29, 3904, -703)
(29, 2095, 119)
(29, 9232, -678)
(29, 1322, 651)
(29, 1399, -933)
(29, 2924, -726)
(29, 750, -996)
(29, 2317, 619)
(29, 3256, -686)
(29, 2844, -833)
(29, 1489, -829)
(29, 4588, -512)
(29, 5291, 280)
(29, 3297, -894)
(29, 338, 854)
(29, 1435, -99)
(29, 1680, -649)
(29, 4123, -813)
(29, 8485, 155)
(29, 1414, -584)
(29, 1501, 744)
(29, 5215, 455)
(29, 706, -461)
(29, 1262, -878)
(29, 6501, 346)
(29, 2588, -437)
(29, 3592, -687)
(29, 2480, 561)
(30, 3728, -800)
(30, 5039, -563)
(30, 9067, -738)
(30, 1207, 878)
(30, 218, -855)
(30, 3037, -804)
(30, 2643, -124)
(30, 8830, -926)
(30, 1610, -903)
(30, 8191, -876)
(30, 2951, 89)
(30, 3127, -630)
(30, 9006, -568)
(30, 1021, 416)
(30, 4164, -941)
(30, 3520, 633)
(30, 7141, 526)
(30, 3425, -1021)
(30, 1367, 172)
(30, 2425, -882)
(30, 514, -697)
(30, 237, -205)
(30, 5454, -1004)
(30, 812, -820)
(30, 3754, -542)
(30, 2169, -794)
(30, 1238, 720)
(30, 1257, -714)
(30, 738, 317)
(30, 616, -239)
(30, 365, -628)
(30, 7726, 196)
(30, 998, -896)
(30, 1095, -723)
(30, 1561, -702)
(30, 4265, -798)
(30, 3552, -976)
(30, 4239, -594)
(30, 2230, -764)
(30, 982, -1007)
(30, 756, -775)
(30, 4734, -899)
(30, 1477, 714)
(30, 1494, 950)
(30, 1987, 325)
(30, 4183, -998)
(30, 7561, -539)
(30, 3897, 657)
(30, 4053, -1014)
(30, 4118, 974)
(30, 1124, -582)
(30, 2892, -723)
(30, 3632, -763)
(30, 3730, -132)
(30, 1061, -900)
(30, 8624, 909)
(30, 1309, -906)
(30, 3326, 134)
(30, 2576, -991)
(30, 7317, -591)
(30, 9142, -722)
(30, 4041, -563)
(30, 1194, -837)
(30, 4870, -949)
(30, 8730, -902)
(30, 1565, -540)
(30, 2179, 508)
(30, 1797, 226)
(30, 2559, -693)
(30, 6488, -693)
(30, 6262, 628)
(30, 3329, -722)
(30, 2388, -520)
(30, 301, -696)
(30, 1832, 240)
(30, 845, -903)
(30, 2847, -610)
(30, 2312, -354)
(30, 2720, -850)
(30, 2674, -735)
(30, 2932, 1022)
(30, 8131, 582)
(30, 6700, -37)
(30, 505, 585)
(30, 3451, -1023)
(30, 431, -816)
(30, 4376, -856)
(30, 1215, -837)
(30, 2555, -863)
(30, 1421, -780)
(30, 6180, 291)
(30, 3235, 557)
(30, 2283, -920)
(30, 5358, -9)
(30, 1257, -544)
(30, 3463, -539)
(30, 7391, -972)
(30, 930, 733)
(30, 1828, 822)
(30, 5680, 837)
(30, 5172, -775)
(30, 3812, -307)
(30, 1412, 459)
(30, 1485, -456)
(30, 6992, 519)
(30, 2950, -723)
(30, 6175, -644)
(30, 1478, -702)
(30, 205, 460)
(30, 2879, 967)
(30, 3680, 72)
(30, 1378, -954)
(30, 2002, -788)
(30, 2917, -958)
(30, 8250, -833)
(30, 8999, 897)
(30, 1860, -716)
(30, 241, -954)
(30, 5771, -966)
(30, 7680, -660)
(30, 2429, -788)
(30, 2902, 672)
(30, 2208, -610)
(30, 3274, -471)
(30, 3595, -964)
(30, 3744, 10)
(30, 1825, 824)
(30, 2645, -606)
(30, 2052, -600)
(30, 4208, -706)
(30, 1993, -971)
(30, 1975, -518)
(30, 6423, -403)
(30, 5264, -699)
(30, 6251, 817)
(30, 387, -869)
(30, 597, -569)
(30, 4057, -959)
(30, 521, -1020)
(30, 2221, 241)
(30, 6546, -171)
(30, 3799, -556)
(30, 3965, 169)
(30, 1387, -918)
(30, 4559, -886)
(30, 3397, -691)
(30, 6400, -709)
(30, 5795, -868)
(30, 5472, 616)
(30, 5587, -1009)
(30, 6656, -318)
(30, 8019, -383)
(30, 1925, 19)
(30, 7181, -902)
(30, 4537, -870)
(30, 11, -891)
(30, 3326, -34)
(30, 351, -819)
(30, 4506, -800)
(30, 4846, -680)
(30, 9202, -564)
(30, 2259, -634)
(30, 2104, 441)
(30, 4925, -897)
(30, 77, 513)
(30, 2251, -980)
(30, 1320, -747)
(30, 3254, -79)
(30, 4102, -885)
(30, 5032, -881)
(30, 4369, -671)
(30, 9232, -720)
(30, 6912, 525)
(30, 7131, -746)
(31, 1168, 783)
(31, 2971, -339)
(31, 3665, 567)
(31, 1321, -633)
(31, 3888, -615)
(31, 3657, -957)
(31, 1691, -805)
(31, 4900, -538)
(31, 2651, -712)
(31, 561, -393)
(31, 3117, -522)
(31, 872, -538)
(31, 6131, -854)
(31, 6770, -885)
(31, 5871, -826)
(31, 1462, -140)
(31, 3628, -763)
(31, 7339, 54)
(31, 704, -631)
(31, 2541, -996)
(31, 9037, -796)
(31, 4482, -549)
(31, 8726, -678)
(31, 4173, -313)
(31, 2072, 342)
(31, 5601, -794)
(31, 3822, -45)
(31, 4312, -818)
(31, 436, -870)
(31, 3807, 625)
(31, 3057, -799)
(31, 4967, 557)
(31, 2488, -835)
(31, 2857, -576)
(31, 3972, 640)
(31, 1842, -952)
(31, 3348, 721)
(31, 4399, 141)
(31, 3284, -568)
(31, 1869, -966)
(31, 6196, 430)
(31, 9104, -791)
(31, 5669, -909)
(31, 3870, 825)
(31, 7823, -685)
(31, 1798, -810)
(31, 3757, -702)
(31, 402, -1021)
(31, 1576, 749)
(31, 3714, -597)
(31, 3627, -768)
(31, 3288, -770)
(31, 2438, -857)
(31, 276, -650)
(31, 4395, -630)
(31, 3223, -897)
(31, 7981, 6)
(31, 5517, -365)
(31, 5204, -814)
(31, 85, 808)
(31, 438, -598)
(31, 6542, -96)
(31, 2639, -988)
(31, 8504, -594)
(31, 296, -720)
(31, 899, 274)
(31, 4686, -642)
(31, 4279, -724)
(31, 5507, -182)
(31, 6467, -695)
(31, 6545, -891)
(31, 1052, -667)
(31, 2367, -721)
(31, 2461, -771)
(31, 8417, -906)
(31, 1277, 655)
(31, 3663, -672)
(31, 3064, -753)
(31, 2992, -808)
(31, 8062, 847)
(32, 7765, -698)
(32, 987, -527)
(32, 7652, -899)
(32, 2422, -838)
(32, 383, -920)
(32, 3622, -631)
(32, 6800, -735)
(32, 1578, -991)
(32, 1393, -619)
(32, 635, -995)
(32, 4175, -665)
(32, 785, -799)
(32, 2053, -292)
(32, 3536, 310)
(32, 6072, -786)
(32, 7125, -918)
(32, 962, 1017)
(32, 2469, -627)
(32, 4207, 862)
(32, 3812, -976)
(32, 3067, 362)
(32, 5638, -24)
(32, 2411, -685)
(32, 1588, -926)
(32, 2944, -549)
(32, 2282, -706)
(32, 1064, -531)
(32, 2135, -864)
(32, 2290, 901)
(32, 2403, -909)
(32, 8846, -255)
(32, 234, 464)
(32, 2706, -347)
(32, 3166, -860)
(32, 2604, -317)
(32, 1148, 344)
(32, 4227, -942)
(32, 534, -875)
(32, 7477, -993)
(32, 8627, -809)
(32, 3007, -145)
(32, 3893, -545)
(32, 2811, -618)
(32, 433, -586)
(32, 1764, -983)
(32, 3782, -516)
(32, 542, -106)
(32, 1338, -795)
(32, 2409, -908)
(32, 8071, -787)
(32, 4291, 118)
(32, 2583, -689)
(32, 5938, -682)
(32, 2754, -557)
(32, 6424, -17)
(32, 4490, -696)
(32, 4614, -946)
(32, 2839, -743)
(32, 6189, -892)
(32, 383, -415)
(32, 3291, 588)
(32, 3320, -431)
(32, 213, 731)
(32, 2995, -837)
(32, 4559, -702)
(32, 1707, -540)
(32, 3378, -583)
(32, 2640, -1002)
(32, 249, -605)
(32, 7718, -810)
(32, 1651, 250)
(32, 5373, -604)
(32, 51, -684)
(32, 2192, -950)
(32, 6775, -644)
(32, 5173, 211)
